13398
28396
31430
23955
13965
10798
2963
19130
23215
7232
13871
29616
25517
31463
7580
25218
6706
30635
19092
25870
7280
24713
6512
21340
23328
14568
16200
4146
26564
24270
10844
30690
30768
4180
16818
12647
17224
25943
18433
5552
6923
4465
26062
8508
26577
551
7893
9191
26832
11620
13994
8964
24037
9255
18592
8619
32402
15736
5866
17236
25155
28064
21760
31909
15829
7577
28997
18057
6744
5828
8678
1922
26900
22234
14597
10048
6347
24613
1047
114
4158
23024
14986
9436
12786
5436
16299
10154
19764
18868
15304
25092
8283
7907
20625
26082
20557
21925
27844
4898
31045
9691
778
728
15571
9315
10268
15589
28964
17736
23593
27595
21891
20021
892
703
28704
19760
21082
2560
30992
26500
12329
1384
30358
5375
21976
10560
28321
7006
11130
20825
20885
24070
10548
28248
590
22005
16218
23890
8035
17911
2517
23961
29095
32541
21192
6357
9206
18795
10355
29014
10286
17617
2647
2728
28027
22109
29082
16488
19416
30126
14510
32599
18642
28332
9774
13485
6543
27510
7944
18352
1552
23196
17377
20868
4531
1423
32181
1861
3324
27477
15806
2643
29844
13185
29848
4845
16786
19811
1186
10498
3834
3964
13223
24387
14467
27444
24510
17533
22174
2256
31598
32550
15283
24478
5398
18230
22190
7794
28044
12856
7866
30806
25093
1440
27724
10622
11573
863
25444
18554
17335
25781
21264
14255
20398
30534
11825
19208
4013
4209
385
30185
7380
19165
2773
5477
23612
16980
21920
10928
8086
16853
185
6615
14606
6116
4446
16558
1654
1317
30584
31242
14240
31017
10016
24881
21515
4488
27491
27023
17346
3888
22082
7851
24450
13820
29181
8281
19483
19081
6034
12080
9496
8773
3712
23870
15010
31176
22992
14075
26274
22102
30844
15654
28679
3637
8937
7174
15408
26017
1585
24007
15203
1257
4860
13247
4012
9140
2274
27514
6538
21722
9053
943
22423
13301
12937
26612
12204
28236
18435
13647
3207
15926
1297
22263
32596
14271
5863
18791
18036
17494
4994
5041
12668
1734
7637
27413
1665
15208
5411
13522
19603
26774
21420
23100
8071
29538
16523
8975
28922
27784
14559
2563
23186
10658
5161
16288
25991
32411
18421
20308
27490
11110
28349
6851
29701
20976
13834
8030
13548
2131
30684
14903
5554
23372
844
24083
24023
21743
22640
28609
28608
23449
23423
15531
13567
32039
17205
8149
31333
18041
10272
26101
9929
19774
22336
22667
28770
10407
32125
9227
5742
4946
19953
16868
4998
2910
15887
30211
16895
5812
29192
2406
26155
19056
17495
24364
16127
28863
327
20997
15803
29170
31669
1512
24782
21457
24343
516
13811
17202
25277
9976
18337
23498
16983
21830
31138
8770
8120
22533
6401
25741
12761
26583
9002
29818
25889
23067
2125
28805
20707
20580
27907
3827
9769
31785
12084
7966
31664
19134
13581
6963
3458
13884
13127
13292
29275
16104
9961
5721
24671
19775
10743
23868
3284
28870
16368
10213
23643
29672
24741
18867
25704
10137
9546
4825
8437
4666
19406
5726
12920
1468
1128
4456
14354
24841
15731
22457
6665
159
24955
27002
22648
8830
15256
5687
12869
16709
30202
20780
14420
10904
26310
6847
8442
21700
7969
9037
28597
14246
28809
2857
17690
11465
23660
25570
27406
6862
8691
22213
28985
28689
24095
5283
28088
12425
29208
29397
13842
6896
9154
22908
9326
10532
11408
26381
15619
28622
10909
27918
18383
8513
10233
10778
12940
14245
11328
25899
20192
2644
3186
19993
16596
21124
27902
18269
12679
25383
10784
32027
6692
6159
6765
28000
15121
16470
24493
17832
4969
2045
14824
14755
27821
9427
4292
14136
20150
19096
9998
7115
28654
10851
11414
20155
30144
321
8768
25903
6477
31263
17496
13075
1121
26346
28454
27997
31397
5364
12738
16789
8982
16538
810
1684
1461
27684
19858
27276
4480
7660
17403
16968
16034
18883
13831
23989
8423
27024
22028
1442
32370
2362
9575
1732
16050
18888
31507
28157
17810
8135
22650
23005
3824
20716
138
1386
7761
29947
1292
28700
5843
32231
15921
18220
3939
2875
24686
29711
30511
3256
9354
29757
7774
30784
13814
24118
14079
5875
23388
14279
25152
11671
3450
393
7649
1085
28721
7084
9704
4385
25049
26610
7829
19155
5336
19710
6808
26004
26483
32463
20866
3
28132
12424
6778
761
25260
4978
32561
14513
28970
18243
31512
3693
8097
15056
14803
21575
25314
28641
26207
4770
26134
3248
30966
2839
10823
31915
9110
2749
24319
11463
27831
22079
28171
30764
14636
7218
29823
19758
11595
24997
19706
7808
10573
7417
3883
29860
25848
29427
10388
13222
28283
18959
29326
26890
4249
10263
27022
13827
25609
3573
27046
10726
4125
17862
5199
8413
32419
22319
17253
31456
1801
5620
11635
16097
32454
7985
32327
3313
28235
3230
30525
16071
2404
24461
11779
14080
18779
11016
6581
14530
26573
3526
15229
26782
16091
25078
2852
3148
13869
1582
27698
15168
310
12964
32343
4794
11936
19721
19630
31281
8815
11123
6816
16416
382
18169
15415
9250
2914
22221
5755
16721
21535
12018
15671
27869
27256
14385
30430
4351
5904
17072
5324
13359
5839
8399
151
21639
26638
998
24519
26071
20154
2632
32426
20304
11050
26792
19897
21463
14270
9912
20846
21322
19688
4844
22268
31847
23429
9088
24893
21993
24941
26812
25068
25331
3144
29815
4884
26290
32420
23258
1224
2879
27461
12390
13077
28610
31420
10552
14389
25053
12092
15756
28421
17992
15016
30593
6586
29880
31472
19996
24783
2822
4254
12686
15937
31629
17324
11450
10495
23252
10905
16370
5276
12397
18364
22785
6472
20252
4311
3183
22526
30780
5359
29696
28415
20063
13403
22142
4734
23349
7964
31928
7581
11439
3436
22475
12184
26265
23712
7219
18964
14518
7852
18217
11973
17442
4395
28070
3234
21716
1404
11708
17536
22299
19010
8408
14889
20332
690
2980
21678
10591
18831
17707
22783
30714
88
6463
21176
2866
7872
10775
32574
32431
5437
28427
9680
7846
24488
20806
30959
32024
27940
7575
26598
7607
1787
4153
13777
4029
13774
11345
16918
14989
29380
14462
25251
24297
29671
27057
13175
14437
6090
12351
32612
21275
13423
23348
9747
27041
19817
1515
9032
24376
30014
987
7015
10822
24079
16052
4408
17159
23931
15019
10471
27263
26560
13585
7247
23987
17955
17527
18712
3219
1854
23645
4172
4745
18921
24819
15876
29490
5559
12904
12358
22736
24309
23208
21720
5982
4545
7462
2552
23154
6244
13273
30541
27240
7138
23940
29470
19645
13007
8507
18370
17337
29283
27427
27991
29009
5585
26233
2999
8523
12245
14550
22696
6796
689
9811
14382
6537
18725
13816
22653
25125
11508
8927
21764
32278
4813
31122
6267
15428
8394
20297
3205
9176
13629
26256
7573
15020
15356
18283
32026
9416
8575
9801
25736
19361
22984
10804
14524
31855
22370
14486
21057
21277
5596
12504
23727
12151
3623
7986
3629
7831
19007
4546
30771
30879
23565
17372
21909
1710
15245
5026
31165
17676
20524
30164
17719
5544
10612
23529
17268
30405
10986
16478
21959
4592
12087
19790
4020
14133
26247
20803
10346
6290
29743
30284
9614
22956
3986
28495
9018
18369
11333
4001
23878
19934
28017
212
24006
31058
26745
2768
29907
8802
31453
8741
23951
3390
14175
12448
13411
5940
11876
19485
8843
17444
5532
20379
25301
16436
4837
2710
933
10692
11885
31377
2621
12311
17138
23355
3973
27681
22290
3171
24750
17155
2709
927
5873
22682
31735
1860
14812
18053
3432
9111
19508
19920
24538
2448
16287
19407
1112
19166
20640
30285
22425
5930
24264
8935
15317
24224
5419
7602
9431
32172
30482
21284
10836
22017
9455
20785
5243
30944
28054
25524
5837
18071
32681
20497
11567
10056
29720
20285
16619
1083
19501
28130
20118
945
9382
28453
31996
27435
31349
7238
28725
3828
20231
22205
20770
29548
9043
11710
25800
3767
28147
6802
20845
25512
450
32131
19133
6536
25071
8662
12415
3157
18579
12041
19143
26655
25740
16216
5741
5042
10632
16262
13757
11893
26208
31705
22896
9618
32359
13788
9303
7300
8848
22631
25565
27580
460
28993
7655
14099
7591
25939
9996
14037
27401
15474
29721
10160
8891
16345
3761
31940
31527
23766
15670
30717
12127
8131
25069
7329
30561
23352
21852
12325
21914
20351
16375
15685
23976
26184
14076
19796
22628
8348
19408
26912
9051
18489
6189
13399
9401
2595
26273
22949
6930
11147
20310
10754
14019
11623
22838
13126
9870
14976
7862
5533
31552
3204
12602
28304
10071
27159
23626
4427
24235
17365
13607
9390
1207
25807
8979
2509
31098
15313
17839
11719
8725
18013
289
6253
108
28853
20797
23791
11689
11518
13218
17982
15744
8811
19399
24263
29246
9570
2703
18864
16641
31450
29725
16735
26153
27400
30697
24381
7690
26426
3859
4281
21987
18179
5368
24728
3588
25418
16011
122
20679
10759
23168
1109
17738
13949
14434
7464
11939
32058
273
31911
12999
6959
29005
29150
5280
30575
1135
14614
21599
12852
14166
764
10772
1315
30629
30464
3707
30929
4908
13564
17945
4997
15267
6678
8840
25920
29342
19687
28176
5370
29117
21725
13687
21295
25379
16605
25625
32298
8493
26171
16449
23637
22674
17820
8113
6791
2229
29773
6770
7627
14787
30801
15733
30251
21272
2266
7397
12285
31609
29550
579
8148
7782
15508
30031
11901
21669
25415
23782
32457
14859
12472
29122
9249
15999
25888
12672
26438
8753
5611
25022
3059
7228
22232
1790
2412
8083
19085
22434
6535
9692
8838
16506
32755
13817
13639
5932
17984
7725
31896
11696
30866
29661
5414
2717
9913
12433
15732
2234
15752
21999
24377
20520
7410
8898
11257
25296
8064
31682
20023
1689
24034
26536
10404
25405
12664
10403
18874
3614
22443
19913
28239
21130
10530
23921
4715
20793
32477
1111
3367
6575
26397
11766
29552
7838
3375
2136
15546
32433
26987
28045
20902
23441
17439
15543
11417
16032
22390
1123
10944
13802
18590
10010
28241
15705
15401
11826
13844
18472
2484
16106
20003
32409
21191
26039
32238
1003
253
11224
6017
22662
28517
11056
3082
11386
17191
5205
10645
13863
14187
23269
26139
24694
31769
23483
27112
10774
5020
23111
14404
5441
12957
12802
4119
30969
11555
7080
26815
19058
20896
25007
361
12407
16074
11981
1412
26122
19366
9658
21878
12363
13797
9783
18317
27547
2676
25423
30008
31823
11997
26743
27851
7574
7758
15760
11129
12002
27816
3332
18904
30937
15819
12737
9067
25600
16281
16910
17105
8335
15859
32221
526
17693
31424
21587
13140
405
2481
15023
9715
6878
17319
28572
509
11406
23148
4112
6557
1270
21664
29557
25770
606
1526
4871
23164
21905
22432
125
7679
19869
29959
12267
12293
4308
12480
6375
7137
26390
13755
29419
21041
31059
22718
4346
9723
10827
7698
8326
8188
27800
18301
20370
14831
32368
7700
26086
4003
28288
24221
17751
5226
25626
10811
13429
19300
17267
19359
11586
30809
27583
25979
18097
6467
23203
22574
5048
6412
9196
10915
30886
8088
4481
31350
27319
8966
32662
14169
19941
7731
18723
11703
25858
4224
22677
9367
2052
10966
12483
4802
19943
547
12072
19738
15798
8254
24704
6491
11865
27489
20527
24132
3581
662
9323
24386
12332
20946
9632
24098
15947
20592
21266
27943
4455
990
10949
10074
22833
6807
10394
17186
13382
13137
16570
13076
7604
9335
22839
18700
21434
22489
1777
3965
7120
3747
4535
19717
2023
8587
26181
8434
4431
18424
4591
6821
31583
7309
4896
29821
18134
23405
28145
11264
7599
24313
19017
25670
1590
1437
30965
12476
6322
20218
8472
19855
6819
19241
1218
32554
16463
14837
27441
15528
19330
25540
14463
11705
20478
3778
8042
3460
3636
27037
8876
26718
12403
2147
15608
17211
30938
8563
25442
27101
31556
11127
13526
13634
24341
7752
12506
13839
10083
27008
22023
22604
6309
26127
26267
11785
12858
24852
21923
2976
30877
26366
5444
4582
27281
1545
20393
14692
6225
13864
30633
17531
10547
23537
13410
9885
3732
19049
27827
12710
6083
23867
8537
25504
19545
12590
23709
26553
3228
16386
8594
9167
6591
11687
3504
25477
25772
27640
15807
14742
14848
18086
31223
2921
28502
27506
28005
31462
30152
17056
27792
8841
30131
11176
3933
22452
22459
29230
8752
26442
24335
3892
12884
121
14574
14749
16855
9579
4247
7345
7533
4131
29746
671
6649
29877
2072
4444
24756
20721
18015
12501
31139
3412
13284
22400
12854
28450
14374
26863
20869
5035
25253
31620
5535
19240
13166
25258
21695
5976
31863
8200
28533
31230
14947
14820
5956
20904
14431
23108
27495
10421
24348
28583
26293
31660
12754
17906
14802
7301
11181
13307
30599
23807
25662
407
30177
1074
26407
26173
15368
8366
25371
9065
433
10098
22993
26498
24817
6735
5541
9225
21402
24799
8343
14471
27416
11415
3895
25122
20736
6457
24326
23398
16738
28872
9850
16872
24964
30379
15923
27094
23209
32170
609
5651
9617
16453
22987
16582
24546
31321
10177
15502
32560
20972
8771
9290
7932
24259
14668
8136
32505
2723
2146
6051
20561
13089
25494
2360
28222
3231
7062
30993
10094
22045
12844
25947
13995
32594
14343
15514
11963
11419
23941
1908
21010
23978
27254
8069
28532
28166
13347
13694
10951
12592
16006
22886
31181
1072
21609
10756
21581
26404
7111
1387
26380
14233
6280
28981
14384
26091
26840
17547
31820
32365
7697
9855
2778
2507
23072
19991
7676
23261
20158
8955
18515
7442
4018
26538
2285
16270
19103
25020
12576
27915
12871
13192
18710
22506
10912
11228
5953
13879
27286
15273
22542
1397
8491
7992
15024
19421
16457
21106
5214
6320
28780
12876
27618
29235
29687
26292
17363
29732
5399
16822
24029
29197
20354
11591
9462
28832
1133
30679
6044
30449
22257
20261
10078
32739
10163
23895
12702
8160
29636
15434
30101
13006
6854
13095
11160
9790
29239
8601
13286
15509
16632
240
8273
4160
21104
8540
20949
4002
13249
3396
21446
22798
2302
6979
6633
27268
3133
16612
6187
10894
749
682
659
30824
7530
9556
18806
1891
29903
1118
9706
2443
6924
12747
19068
28040
28984
3110
13250
14376
28599
6011
7881
3904
25643
1573
17139
21897
28470
26769
14663
8452
27556
6121
31129
16446
2974
25667
8183
31269
26923
29464
8516
26
32759
25079
13091
17991
29778
378
27415
13875
19323
15482
22760
28563
31007
32639
8264
2916
26141
13434
21942
5430
21644
9911
8867
11979
17663
25357
4576
16647
26712
15623
25675
12026
217
4678
4851
14267
17383
8971
24858
8489
3123
15265
17702
25823
1482
17397
800
846
2468
25132
21865
1765
3020
16440
27646
5692
13504
28923
30354
10779
32710
13918
4729
19057
6621
28942
24699
14295
9500
2034
4468
2319
14637
2754
22885
22471
16502
13017
3726
31299
13402
24925
4014
20260
25222
21006
12974
18889
20148
16810
593
22453
9651
21674
12961
30491
29120
16391
5948
5489
29064
29325
9041
23160
27099
10650
15192
797
9475
17187
20224
25501
31828
28919
20329
21741
8196
12616
21908
4441
4413
12391
3352
17515
625
30671
14102
4590
3685
22894
6387
4786
28158
28211
13364
29218
10077
56
13363
9232
6846
26326
10579
2049
27192
14013
28134
20401
15404
2579
19336
5660
6197
92
190
2181
31767
20382
7560
8381
15602
28866
21666
2236
27454
18555
24294
7149
1009
20167
1298
32636
21326
32210
32458
25355
1725
22645
25170
26463
20798
17854
14929
27922
30019
10453
15244
25105
23990
5167
17830
2490
21890
1490
26333
9973
5233
15377
2919
16945
2338
9551
9466
29656
32331
6070
1882
4658
31763
6180
3078
6287
18703
14504
28358
21341
4016
24482
22397
5517
5223
12009
5028
7262
8795
8470
28751
10849
1210
11126
26521
27935
3570
14773
25697
9788
31833
17201
28297
24668
3497
22880
10132
17778
29379
29809
8436
23412
11724
11113
9746
10057
10501
29425
22889
1256
28359
20230
27619
22249
8627
27571
25796
12752
20028
367
24627
16396
8879
1965
14259
14738
12622
30853
25676
13983
12515
6100
9593
10767
29931
9969
17341
21675
11291
1679
5781
13813
1530
9899
30791
30362
14238
16460
1023
7391
28361
2588
4316
3746
19122
29705
9828
28511
29369
4733
10150
29950
26608
14808
20693
32495
4059
28189
14391
9081
23668
31467
22077
10063
13682
22772
4965
1739
15385
18076
23809
6264
18637
13205
21525
4984
26714
3971
19404
22551
11375
19882
12643
2416
11085
27802
1338
29233
24952
8465
27179
9886
23474
10269
16154
2009
15657
1153
30413
3168
30192
11098
8702
29143
15788
25602
24495
9872
24373
10174
9512
23691
18802
9145
25435
25791
23716
2547
26491
28982
13570
11992
30997
7376
27956
16509
21429
17847
24700
10596
27320
23426
4094
11886
28194
12778
8729
4713
25745
5059
10333
2674
12599
4040
20666
29976
5181
21315
15682
21694
28114
9256
23522
17967
11723
9104
31516
15198
5143
13023
15195
5212
3880
13766
17304
276
4091
22691
31815
16245
14032
27775
7388
26994
13531
8340
3903
6827
27474
29964
10106
6473
197
19212
949
1577
13809
10341
22590
22857
29146
11456
10032
19365
9062
2932
2377
8699
17599
27544
2194
64
25559
30179
29497
25334
5617
2870
8263
17508
26833
22830
13979
9548
9880
32097
29635
25374
31671
10191
31046
13725
30495
22097
196
21614
15616
30386
7653
26019
26586
24727
5416
1099
5327
31787
9035
24192
664
7899
21342
28960
8295
2462
30407
30829
14704
997
311
9119
7170
18420
10492
10938
31920
19637
30852
15795
11838
3721
16725
12696
31687
28037
983
10480
16742
24814
1802
2122
15830
31115
31326
514
6894
5653
4747
21591
9883
29000
29572
4602
9036
21673
20038
16194
32266
19179
19789
15627
16749
5725
30238
25347
6793
20808
19785
4089
7553
18194
6933
5973
14955
18325
17158
5469
2056
3042
25074
7001
23308
15402
19547
1178
22295
3295
18172
7355
3047
11682
29388
20528
31805
14299
17593
28215
23918
15975
31376
10244
15438
8750
24136
7931
4815
24527
13156
16731
5124
8781
12498
13460
18701
10419
2686
17387
23845
23333
30093
21711
10376
8715
15336
24961
4704
9071
28390
18380
24317
28173
12517
3701
24810
20425
6502
24344
29739
24920
21152
31247
24796
26710
25787
9152
17409
11174
5369
12975
19888
23729
6740
16743
3182
2567
22245
14907
8596
10730
15985
32306
29982
9024
32732
5614
27959
847
29665
13708
29334
16581
25606
14284
3853
12283
15822
21618
23135
3194
1584
5612
15295
8520
21044
13062
11579
16973
11000
8325
31646
22777
15003
13141
2033
10728
25169
4502
15928
32051
21771
9432
11880
27138
9413
2173
19264
31591
31506
8029
3462
8988
11928
8727
21936
24786
7445
13829
29639
26272
25193
10240
19095
28210
28913
12533
17252
28250
14838
7640
22906
32366
7928
2650
12193
24117
14642
28224
20085
31593
26822
16070
8234
24995
23964
1779
16298
3713
27341
9744
5304
9437
26562
28163
16277
10384
29997
3099
22192
30660
17728
28951
32094
785
9363
20907
22842
2804
32195
10705
744
24533
20646
26328
11266
16431
10204
22191
24917
25072
3238
7264
15694
11043
27899
19931
7855
24012
10201
7925
14214
15123
13274
15792
2144
5127
7098
27480
24895
5560
3598
23549
9426
27674
17371
15103
1228
23147
15978
10762
3523
26235
10652
11655
23119
2320
371
24197
14352
20185
32559
13136
7667
1443
25014
13893
22450
18895
5433
7908
2714
32277
295
30609
18209
27383
1810
7767
20086
29252
26764
9740
31795
16056
5485
12019
24608
3917
17880
29045
28303
28254
25803
20073
24464
25612
2292
13458
3683
10209
28615
32617
27955
5555
13085
24833
27083
14809
6622
2119
18387
1605
15197
21437
2262
16207
26952
22305
22827
3218
18153
16280
7534
3517
30054
14429
22166
1984
19765
15533
3760
8063
416
2207
6828
8665
32010
24379
17269
1249
26100
12265
13036
19950
31929
27925
28986
17096
23320
13935
5642
5798
19016
10549
15013
26785
12535
13701
20953
30420
29228
30910
5352
9147
13441
21727
7268
31570
26277
23975
1701
30415
25937
7036
30683
12203
20251
4402
27880
7515
18492
21255
11299
14666
31125
11745
12262
31029
28386
10943
11239
1395
83
28437
25306
27868
28310
3503
26118
17240
5200
21201
32389
25473
517
2261
25083
4019
5442
27108
18367
14296
24529
12012
28592
27481
9716
30479
9194
5126
6686
5439
2444
4552
18210
1176
7316
26802
30868
6892
29151
22338
15312
5556
24651
27375
29517
17689
17153
22741
27745
26517
30117
10462
8611
16376
19265
13819
20927
9613
17413
11152
10259
7107
23167
4244
6243
16384
5250
23454
1106
27723
14741
32715
10713
24781
23306
5047
9587
26402
32481
7409
6503
6799
32391
8084
11007
14007
23704
22284
3543
30639
19827
6259
32764
10099
12235
4032
25944
8920
4976
23187
15835
8094
30323
24776
27043
23947
6988
12049
87
19383
15663
31341
10352
29435
1289
17887
2387
15860
4610
20596
9089
1184
539
22549
6171
29185
15104
28355
26389
4192
11272
231
32632
28199
32040
12396
27309
17190
16215
24985
21534
14367
17183
5
29769
30450
23517
23701
32117
6792
23864
22494
11904
27339
31106
27672
21994
18356
11017
17310
11280
11869
15866
12101
4080
20852
7885
3018
26029
21924
11340
5727
10487
28135
7003
1768
28280
26454
9086
6761
5230
21661
8639
20345
31236
26767
14679
31988
11950
16398
21652
1731
31902
8906
21056
29279
2351
5927
3638
15765
19335
27809
20916
1610
23307
27501
7112
32224
30477
602
15460
31013
17969
18767
25759
14946
16624
22770
1117
1149
9960
6517
11728
7809
29618
21054
5871
30672
15364
4735
5820
21035
18527
5249
12122
28864
1967
16047
16060
17946
30045
17325
32740
25466
1789
11475
22686
20998
12648
10919
18984
5529
4702
10228
30835
23920
4892
27552
16175
20910
27224
22774
12604
4667
28474
24563
8090
28774
16172
32262
13283
7995
18905
2493
14790
3522
3065
28544
1108
26323
15115
8617
9515
4352
21794
29135
8384
1137
18815
9439
3508
10512
25705
6211
24690
23647
11286
28584
21821
31314
5516
16544
13448
30484
7058
21733
13047
16211
6261
31904
730
5036
938
25986
7924
14435
12980
26640
12928
19800
8521
16190
17014
25142
1200
24128
31754
22685
19573
30820
544
4229
9721
683
8036
5663
14995
11447
4420
26210
937
10015
5971
4512
29161
5043
5588
2720
26018
26523
11046
15570
2263
8155
12040
29831
15333
2924
9311
6565
13671
31633
22871
20072
12794
29604
2934
1983
31001
7703
237
27690
5032
13376
21812
21074
17013
25921
26163
7824
7756
21835
15271
23158
26129
32200
11326
25469
16169
29293
31038
26786
7647
1817
14094
4339
32741
20321
5473
18866
28351
31436
22110
22165
16492
11076
27462
9841
11273
21339
4214
12636
30818
16213
813
27072
27426
9562
25227
12958
2534
21050
24745
18757
13605
7195
21607
23852
589
5960
17199
22307
3008
13866
20764
6373
540
9588
31842
23276
25280
14493
10218
7305
30604
31379
14652
23091
999
13998
19874
32288
3554
19082
16146
7021
27706
19757
24948
11182
29313
15726
3749
5241
10306
2053
13972
9174
2548
12173
17836
18286
18105
2130
23942
18081
27934
16494
16005
6510
23238
12027
32340
11856
32369
32575
13559
6601
18212
15077
15298
12115
5189
12838
1521
11552
26131
11559
18897
1811
11737
14565
7448
17975
713
5173
32185
20041
16887
20675
22793
2981
5434
18738
29238
1370
8483
25148
25412
20005
21187
1940
10707
9972
21031
15930
28846
30270
19445
8204
19145
8570
29913
8144
28001
8256
21881
23346
19115
9347
24486
20459
26369
17216
32364
32735
14998
1392
19285
32765
8685
17300
12968
29729
19313
4587
4333
13699
22558
8103
22963
20571
107
3125
13271
16164
11539
12399
2255
14982
3658
19442
19726
11442
29006
5012
19553
14836
25958
4069
2325
30187
7910
11119
11672
13636
9078
31274
16225
19506
9997
3714
15427
25103
4397
22849
29088
3093
19448
30907
7834
5175
31393
15058
1125
7148
130
31083
25119
5991
11349
1647
18404
1255
22597
17713
3451
17895
31030
25658
18748
12997
11976
15266
29608
7308
10478
16585
2973
770
21448
9528
28752
28867
10858
27617
15848
8068
25289
21276
15470
22413
12063
14087
19646
11835
30382
25205
3052
18729
10091
14257
29755
2169
30810
17500
26908
3448
8637
19494
2794
7413
29503
9425
9659
2380
30233
18913
7661
6607
19340
24030
10554
5468
9927
28613
24827
7419
7556
5117
18248
11377
30277
10081
2323
11229
16267
21836
18995
20183
4288
11187
2115
15370
3906
10528
5546
29070
1020
16338
10296
15001
21092
5355
6418
22429
29845
10962
23516
7147
14054
24734
6442
30169
10695
22851
11627
31692
6157
13645
12020
16481
13676
392
27695
3384
23887
4328
4659
25344
14266
21657
7048
25095
8409
16616
20697
32664
2772
18732
15025
14951
28835
22347
19180
28206
27428
23679
14956
2713
7274
24410
28429
12640
32218
32690
6511
981
1754
9445
1262
7428
14365
22775
12978
18401
21120
21134
19477
11977
9542
8622
6604
675
18680
22046
9771
18355
1406
28294
13326
28271
24338
11206
12294
20897
21774
24131
5831
13726
27157
23857
18438
6647
4104
16539
13115
22591
5305
13861
261
14312
7657
6237
32332
31885
8656
359
9775
6172
24755
11844
2110
18490
7353
10069
24298
8931
1019
21018
27193
218
20544
25279
8224
25749
20443
6345
16303
8219
12528
5083
26569
9270
29573
6504
10013
10641
25194
28274
272
21960
24535
24370
9719
27350
22946
31285
8705
23747
27136
19951
29344
30915
28885
13928
14124
21142
12461
10519
23736
11368
31244
9657
17628
16041
28850
9329
12634
2071
20837
31513
25234
24091
30356
26907
1575
6091
1531
18009
9212
21966
11101
18449
16001
17510
13217
24061
28658
23397
30664
32346
1042
26492
3662
3544
15786
17299
20396
30741
15779
2814
23062
10427
19821
24999
16756
8784
15842
13287
11799
18298
19819
18296
19041
18144
22498
15820
31729
454
16293
10080
7638
15475
31184
22664
4260
24947
25039
12885
15403
9605
11606
249
24764
7579
19960
21929
19243
23
12144
19389
31166
8496
10303
1705
13920
19142
21919
20412
19612
18343
31617
26749
18415
10876
2329
17250
5978
17261
30191
28198
31358
18925
17390
3055
1299
3235
10672
20641
22981
8351
8598
24541
3127
4492
25238
3021
15577
24206
27154
2064
29989
32421
15900
16708
13015
28138
19065
5093
16643
26995
1884
5895
8823
31747
14904
9149
27508
25531
22773
11275
29610
3736
2850
32475
5907
24747
4453
15263
23550
19242
7436
19014
32671
6762
11699
19532
7387
17675
25104
24759
14564
2896
6356
21917
21557
19140
7295
8648
4717
31790
7421
3656
15990
25650
18650
15678
30434
17936
17942
13098
7381
6484
21189
18260
15858
23721
27073
16409
22629
2317
795
913
15931
585
8559
6260
6125
17469
388
9982
6439
6879
16652
24698
20614
18639
11353
17440
16022
11913
15005
21702
5265
3599
3043
21676
28659
18406
25257
2753
18629
19841
7648
60
24324
14706
19575
25067
21940
16093
21249
4136
29356
10529
10223
20595
1491
16349
3698
19204
266
11701
17732
19370
22006
17552
27181
11645
24388
20025
20011
6869
30344
26831
25225
8607
17856
17055
10221
23863
25325
30068
30775
32696
12712
16752
25729
31357
6060
19625
19009
30011
23738
12776
143
5752
18896
8320
6780
466
7589
8089
30884
29504
19170
9101
6407
26255
4754
6420
32348
23243
31898
7687
24743
2679
6005
31112
3287
26691
4133
7208
12031
290
12085
10805
4474
23310
10136
4055
14777
30471
9337
14852
30195
2533
32387
2646
6169
13050
31239
28998
11270
18746
15478
10414
24307
9545
18691
8978
2269
28804
3151
12998
10803
17317
30611
7338
26032
12527
11949
24500
13260
4140
1671
178
15214
3250
23792
1735
17789
28894
27231
11434
7285
28776
31876
10882
11011
26196
24396
28393
26738
7628
24580
11156
6509
2233
20733
13228
8027
3720
8707
7551
15992
16819
25659
23994
23221
17683
1340
7528
1951
15036
18007
6584
12791
835
3510
19976
7681
11132
14922
615
29276
12475
24360
3825
29617
32537
20958
29196
21939
31133
3822
17081
10066
10252
20222
23574
28591
23669
10400
12564
9098
28838
1037
24853
11761
24178
32483
25123
6997
29911
3898
26825
18858
26445
29373
29650
21784
22439
8449
17746
15604
14139
14357
27883
21742
17218
18249
22156
8322
9943
23082
14146
6710
9300
18429
17963
17042
4405
8114
29498
28952
28113
13723
395
23613
22354
12422
16838
737
16045
13537
8364
20620
3032
19233
1007
1380
26951
16590
29527
10324
25012
23375
4956
1928
30402
9158
21199
28902
27834
12259
22444
9714
12459
26704
4611
3647
27511
18978
13596
24942
20008
9827
23776
25657
2162
31982
3126
10135
2937
18610
30109
9099
5220
18395
9532
12109
15213
25928
29282
28459
27223
8105
22749
30904
29176
2613
18998
29180
32127
25572
13001
2440
18832
19902
10053
20456
21612
16406
15653
5763
14170
16161
17010
20864
24198
14674
21000
16514
18164
22818
18297
11597
10874
18056
10697
17204
12571
28124
17766
29140
32281
25742
3992
24190
22214
2544
3463
12070
24480
25502
22289
32614
15246
28687
15950
23611
17575
28727
31932
12414
13430
2375
27992
19338
15349
2847
14351
12006
19220
20853
24356
3030
7153
8889
11859
1851
28121
9197
18972
11194
16914
26213
14473
25908
5275
18976
29338
8572
20882
18828
1708
31031
28104
3498
20142
7512
24877
5990
31745
21260
12104
26280
19385
27812
1146
19558
2248
4063
7125
21109
9341
31837
15302
14410
5718
26103
1525
21706
15987
16898
6270
28172
31889
27615
1018
11736
15905
30278
6852
28342
30223
16423
18258
10763
12290
422
22612
20207
8922
18641
15576
26857
24457
3935
30762
31378
3060
24878
3028
31127
24860
27218
21132
10900
21536
32511
4748
15199
30375
17146
17706
9229
28330
5159
16224
8217
30322
17594
31334
5563
15006
28066
7820
17624
12809
26791
12224
2429
9288
31813
13416
32480
21796
20099
13395
10708
26145
28482
258
23563
4868
27407
11389
2612
23299
2877
4962
12136
4357
11996
5826
2537
22521
15573
2008
10000
25812
10417
14160
16569
31082
15658
24156
21409
20146
23694
18108
23071
17060
6076
18544
6912
6909
9708
21464
2184
8711
8081
3408
942
18871
1120
21900
10308
16472
24215
19159
23590
23090
9444
7998
24675
29627
9917
10948
23285
5804
8872
10880
23621
17660
18986
29918
10409
21188
8302
15920
20637
5743
19740
21079
16849
17685
6305
20126
181
31865
26761
1523
18898
23874
15789
2133
32035
7709
25445
4268
27275
28619
5136
32737
16257
4245
708
31113
426
31594
4466
22641
28509
4434
14328
7266
11329
12991
29861
17610
24766
13576
5092
10130
20851
32512
11396
25097
14701
16857
12411
29142
22317
30559
22084
25982
9345
6001
13895
26406
26077
2529
11855
31944
22146
20627
2198
31260
29771
1838
16674
5791
5699
20114
31373
12691
24306
26804
14915
19607
4675
28765
29281
23113
20453
16775
31400
11474
8938
654
9928
5589
1522
19582
2079
27554
29013
13620
31137
3947
11089
27780
9257
7598
22837
21009
14875
19281
14370
23301
5703
6384
21267
16913
20598
18276
9935
234
32494
16278
28275
27788
31395
32232
22378
7457
8376
30063
32708
9047
14910
27540
16284
27863
1244
19098
12934
2550
16671
15209
31312
14369
10607
24501
16129
30896
27417
754
17888
5784
27926
4124
29242
18239
30845
1478
5594
412
3316
24798
27575
28782
7926
6146
29782
5406
28972
10745
1246
5428
30469
11260
15956
17535
18330
21989
6874
6249
9892
25259
18464
12393
16202
5897
4958
13103
8446
3257
4927
9979
10385
5475
16990
18564
6272
9272
25916
12316
13925
30170
12655
28737
3975
19762
30125
31737
15690
16999
18131
29047
12359
17492
12451
9252
12522
18374
17163
32351
10282
22239
18484
14031
12895
31738
29434
14455
14005
9544
23898
10930
7987
13449
17064
31188
3046
23139
7810
19029
2425
17062
14339
10034
5638
21972
27960
28560
26668
13281
21208
18338
11362
19511
31791
4302
11402
14077
32604
11531
5578
13209
2492
4494
20631
28787
6310
27813
7954
10841
25315
30104
7920
31538
10109
16788
12248
8995
29684
4760
4050
8948
22957
21595
29309
13031
25519
29683
12608
27964
25361
13288
17557
8910
27113
550
26656
22484
23236
30459
8620
6219
12877
1236
7430
4299
13688
29707
5661
16051
24575
5279
12323
26779
14487
19751
28638
23731
14535
4403
24353
20439
24936
1481
15579
4162
4812
23394
366
22632
9497
21029
20546
31460
9443
13521
8253
26540
20621
18690
27892
11298
4950
30115
4656
4250
32216
3740
23817
4358
29429
99
30613
18432
32531
32403
4367
29816
17071
14634
27507
5715
1717
31289
19104
11713
18384
8759
17759
16401
4400
14813
1451
16717
27110
18347
11251
2288
9328
2748
31968
2316
1974
349
27779
19739
9374
17590
32186
19388
28438
13985
12360
32049
946
3049
21086
23524
31250
15096
735
13457
18362
2103
16580
12609
14544
24768
4107
9220
31990
1548
4074
463
1364
6165
19733
22207
15697
13074
32243
7823
26606
15722
20130
12967
6526
24179
19602
3823
5790
29804
6365
23722
32214
5321
24565
4116
17857
8652
26854
19097
26222
24149
10715
11589
12805
29691
1508
12156
6134
19947
5038
30384
9662
21459
24684
20499
20243
20709
4527
7768
13040
29983
2108
5123
26088
22198
15942
20823
5072
30769
3154
246
25636
15035
11330
22203
32084
28144
11158
30239
10410
17742
30598
6567
21849
5808
9560
12677
5120
2365
24413
32128
6371
13493
11289
19060
21181
32007
11566
26199
6640
28180
16456
19326
12924
1886
28311
10556
652
3156
22919
28478
16321
16148
1879
17416
21749
30433
22001
24950
30112
14329
5507
6163
22627
31590
11732
24965
15185
11271
32042
23008
26002
26224
7078
10628
23974
16963
26944
966
1014
17232
30708
10914
26301
9259
3092
21356
8475
10781
24921
2959
2334
6156
18497
13943
250
16498
18869
10456
25817
1544
16018
11680
12430
15269
18618
23506
9410
20498
17971
7249
20074
16626
7245
18711
16157
32016
25495
3473
31458
9571
29177
32152
17794
12447
23847
13037
18954
11811
6453
5850
28164
6062
30726
28661
26783
5861
31872
4885
28441
23031
16909
24428
22368
19581
11941
31331
23672
21121
5884
9076
18242
15210
20143
23127
26855
25293
9846
21382
32653
29346
23512
8456
13936
20740
5075
27377
16740
15190
25488
16098
11868
25390
19597
17932
26475
3496
8207
11504
32700
2557
22145
5521
30526
3982
201
26628
1341
27079
10422
691
23309
24321
11341
30816
31225
32423
25437
28518
9596
17242
1602
17844
28621
30055
24915
19987
16956
4789
17886
31832
28668
31500
26197
957
16297
31143
17369
30834
28170
18685
3915
16113
24701
461
1462
23378
5391
17903
22265
16135
25288
7031
7814
821
27650
3010
506
13082
10031
28551
26164
26174
26114
15441
3211
15451
22515
7876
28016
2113
4799
21538
22607
29175
29925
29975
12155
3474
20725
9377
30236
25055
10412
3559
3269
12843
6432
31653
26920
17247
26279
23495
17554
31518
26910
29249
24383
26919
23475
2677
1394
3814
26819
19302
442
26136
13251
8911
29491
22778
11584
15075
27785
6682
4940
10599
20153
27141
264
8506
3924
27820
18390
19443
28990
21799
13313
9697
23141
28701
24539
26578
20744
15879
3057
25648
12007
17117
28119
23518
24914
31793
11798
23442
10906
8602
10974
12693
15093
21432
632
11010
29554
24803
2112
14155
7733
8968
26312
26641
29957
30828
6499
30508
8466
29992
19736
6304
4823
24444
14994
2223
22763
28266
14726
6867
16061
3199
996
5155
28813
9123
29092
4166
5536
13578
27300
30747
5717
13176
20872
24180
14288
30369
25010
20836
16271
2562
3430
11188
188
28012
18478
30388
4848
23106
13804
3260
5396
25113
8913
7043
10825
22288
14948
13477
30108
12768
12318
21985
29058
8058
21411
25847
13762
19069
30374
29560
22230
28270
28286
13810
29722
28477
26251
30731
31411
22286
4121
13909
14536
11305
7082
2087
1686
27884
28021
25887
7868
12574
14362
16817
32377
23528
26357
32691
23540
5939
27425
15687
25004
31530
32530
9314
22577
17157
10146
3996
2876
13523
4134
15029
23007
22671
24039
18388
24826
32726
9755
12701
23958
31465
3711
22524
4278
4458
26507
3418
16783
32113
8424
6493
3805
15217
20840
13208
31550
2653
22712
12465
32028
647
15150
23476
14457
12669
26518
21834
16870
15303
1760
25702
28422
28412
13130
25721
1913
23697
755
16125
23741
12183
7867
7196
15088
24442
23804
6282
10577
19859
4191
69
17827
14114
27641
10205
14908
748
29606
11864
11894
15527
15079
2148
16165
5480
23162
19813
8500
1862
9460
21596
30301
10609
1945
1890
30713
23123
19222
31099
1282
30887
4471
18702
6321
12057
10189
20833
16466
14150
5959
14364
31821
15458
2675
3589
12272
8826
26477
4755
29714
29680
4347
28142
15518
27352
26687
4859
14436
27648
27596
2997
12798
19037
29807
10179
8477
17217
6572
27032
9023
20791
28924
9559
22269
2289
19163
29545
23777
8373
2164
23477
5607
4384
4343
12315
23851
17208
25416
32417
9059
21606
26679
410
17951
1651
7167
5936
29646
7404
2339
9486
21898
1422
1676
15916
30317
24717
13684
22804
12969
5693
29780
20616
5361
21805
22972
30446
2665
1742
17680
10280
15539
16204
15017
8560
8632
17877
30529
3407
20578
22497
28141
2592
11954
22765
18454
20475
7008
9832
14938
10582
15897
29723
26856
10994
5293
21605
14648
3772
29285
2618
27642
2456
15468
5766
13177
28201
14639
6087
27187
24774
19004
8766
17082
6291
10197
20462
2837
18228
19667
22934
9114
4293
26943
2398
29647
15808
11486
5794
24254
28195
13008
30569
4038
9378
23266
28055
7705
17486
13240
20856
2432
29795
18909
17920
9438
11872
32698
24953
7302
25970
2982
2190
11261
31014
6522
22148
25866
18812
2372
27392
12275
3345
4377
2094
32624
32485
25283
27143
8719
29087
31921
28905
3048
27682
12097
5172
3419
20758
17093
6086
14472
26636
29894
25300
12133
8915
282
12486
9642
20722
12336
12897
17021
10955
32410
3026
7797
18696
4782
21584
928
26941
11565
21682
27734
4554
611
17322
25809
10989
27807
8539
6382
29164
24336
24363
889
30492
20282
28601
3584
16959
20863
27469
8008
20194
4239
31781
30782
5460
24609
22266
29797
16178
15053
9321
16640
21223
19038
28640
5602
4253
27290
24820
31268
25425
19777
5113
4973
13996
21198
5166
15767
9150
17682
13545
15455
27069
31824
702
25112
4061
20504
19481
4493
8630
5788
13046
27442
24404
7779
30983
14009
29629
1454
2900
13348
17949
32234
5259
16639
11082
7013
2885
10476
4450
18671
28841
31572
15612
14243
1964
1976
17460
14398
26916
21588
27212
28219
2032
9678
8950
22961
11934
11405
30028
26970
8651
22792
1332
885
11541
19507
14413
28646
20464
21105
1279
6482
2513
23455
14662
12365
16302
1758
7701
16402
19632
17993
21906
12536
5880
7469
18844
4120
32380
15925
11534
10853
6376
3388
6067
4300
2469
14858
29400
6399
2503
20197
13724
10735
859
11658
888
24367
25269
18069
30798
4359
11100
9297
16711
29658
7406
1973
23564
3319
27793
16927
16916
21384
22936
3027
31183
27652
16985
21550
19741
20540
20879
28723
9312
12223
19804
11637
20233
15902
9557
25843
19891
21910
3251
31613
12656
3220
14426
8418
31086
30802
25919
6167
12129
17406
30951
25619
633
22802
3502
21015
28051
29349
26572
6766
11957
1541
14743
7197
22474
6804
26901
24228
13572
30955
21391
7755
14108
31849
11961
4882
11867
17302
11626
30661
25906
10506
29240
21114
16099
29800
25513
31913
31446
27763
15387
21510
30990
12011
30765
30357
23489
32324
1813
10305
11219
24074
31251
4511
15601
1607
1089
13747
17864
24330
18735
29104
26955
32083
9767
15510
18293
31105
29654
31256
21373
24323
8389
27699
24250
13282
27811
9993
2514
4374
9327
30758
14689
23039
868
31977
10482
11774
19089
23586
29254
3398
10802
7452
24040
14368
13328
1301
4570
3341
1087
5404
29051
1715
22325
10467
20266
7055
1318
30396
1752
6170
3845
14914
20112
26209
24303
15022
1771
13501
8410
13369
2472
22176
21529
2827
22167
8986
7815
32273
14078
26946
25583
15467
8869
1371
12218
16648
1035
4712
29250
20440
23066
17143
24422
12788
5868
30678
30695
13927
12979
15381
29708
8965
22508
19254
20514
15107
32633
17297
26188
15300
8790
6624
20718
2783
26159
28644
14107
25250
4594
3591
23724
17725
30333
10389
27823
12160
6675
3812
7685
18003
12548
22543
14280
15232
9055
16286
10364
18817
22080
6283
12353
17611
4484
20769
22973
74
31976
17327
20773
31831
21814
31656
3267
22126
17133
28008
24897
22424
19904
29077
1155
7832
25967
8661
20125
22137
5803
26859
8633
13740
9267
26924
31107
14314
18147
12830
1002
63
29062
30859
27104
32226
22601
23163
24991
7481
18635
30376
14408
15086
6194
7882
19781
8828
15878
14253
18741
27095
22065
31893
1159
774
28025
16768
31670
6369
20971
22876
16079
8405
29332
2280
19500
21478
31316
9054
10872
5432
31148
16499
27471
16276
3304
11385
17739
10674
28569
1409
2593
29097
16771
19087
25040
28753
2217
25744
17673
28842
31546
8400
24663
9986
14283
11451
729
26245
1883
1911
19644
738
28149
13381
10604
5534
16964
11284
5390
17871
5040
24596
5506
12123
24831
30759
30838
10533
10916
7028
6474
24169
1242
15126
30092
28440
16065
6830
14478
15078
3363
12000
10079
3105
20710
4467
19377
24054
1561
19213
30088
13763
29443
19105
14876
23387
28794
11960
669
18375
6539
11829
776
31240
27344
13455
27328
19412
20886
8372
26140
16842
7807
7895
26969
15369
1403
30691
18078
29187
19652
31392
26639
10845
4938
23463
30851
30557
31588
12135
5106
21039
18266
7906
17964
25910
26902
24944
14247
15994
3459
25978
12308
2451
29458
30827
15783
24761
18823
20363
12959
21625
13279
5182
20250
17291
3165
16359
14840
4518
27950
22095
32112
8050
30311
28935
8025
9151
21236
31524
20551
21772
29922
6885
10359
4186
14489
11034
12555
31510
3086
25647
24605
12050
19174
10885
19141
25436
18819
23505
15823
7593
8834
27488
12666
23358
16026
23484
13092
21301
16403
8582
16241
11035
10378
31981
12260
2076
28792
9851
6577
21444
12314
27227
16638
4943
9819
26926
7938
27667
15592
22335
743
27737
5491
15892
19650
16296
17681
10681
12172
2915
21980
25873
19232
23041
10086
22928
6835
7253
4144
32313
10193
31525
20290
27982
24042
25031
23641
8177
9988
32190
29231
17007
16900
2824
17699
22537
6564
27680
23606
3334
4177
14958
32628
29403
23698
22302
30227
3155
21352
30496
7617
15984
221
26014
9966
31025
20737
27191
22352
21956
31070
8480
25560
22695
17033
28265
9956
7949
4086
13954
1718
31619
6672
8229
17875
25237
2450
25128
2799
26480
16926
9601
16033
8474
27919
22976
14241
25161
23775
26400
23873
29537
25061
29788
4318
13778
13565
5400
19062
27492
25133
1286
2833
1946
9955
12474
18636
28030
10199
31725
2874
15318
19175
17850
16279
1211
28129
347
14613
10668
5061
2635
29756
9936
32540
28399
6023
1075
10795
32381
20553
19021
15100
1514
25249
5799
21502
10224
32677
28868
2268
6714
6035
15155
552
22587
21474
11068
12419
30968
7792
29873
5213
10939
12653
23293
30619
1188
19112
11248
13822
4795
152
30128
14735
9967
2200
7869
26053
16991
5584
8852
15895
12389
1243
21447
22220
16469
9760
16728
20576
10797
19587
18683
4375
2150
23295
848
3322
32602
128
26589
26264
19382
11664
29523
20435
29630
16362
18189
29794
21270
13841
13898
31657
7188
26449
17362
26771
11437
26042
5426
16851
4217
22441
25507
27206
10520
15650
30066
32104
26692
7979
21748
8526
15243
21926
22735
30487
4196
26049
18634
24956
7465
23602
6569
29439
30588
1611
7164
27947
2283
24368
17909
13690
13058
5841
21537
10285
30083
10433
5683
28043
4416
11467
12484
25724
29
26571
9284
24645
29969
18531
30000
22622
19648
2134
26412
5174
24607
13530
17908
31408
8847
7722
6050
15101
7518
6751
31371
5720
21646
30198
14991
31464
15477
2434
11612
1321
11320
20318
17339
4970
25764
2321
7016
24271
17919
31329
5314
20121
16713
24430
7891
24027
28360
26388
22952
9306
31291
7825
2253
14797
14177
11738
23040
18633
15376
11303
18275
6230
7166
21040
3051
16906
25561
11030
9168
4353
15174
16158
25360
635
30056
28489
25646
32761
19162
29520
1687
4495
27015
27026
29963
1411
31330
11295
7239
22625
10033
15751
11429
30041
5058
24301
6760
8305
30364
17977
55
14890
27958
23906
13165
1287
14760
1221
7973
23957
21858
18787
12822
4963
28797
24618
32155
30275
18822
27084
16205
831
29621
4193
18279
13730
16827
9985
28848
9361
7636
23625
10076
25407
18870
7175
15790
15557
30792
473
15749
7000
16778
31074
22081
26460
24087
22576
31157
9641
28790
25475
4525
31991
15416
29221
6973
3468
17227
15289
1628
18394
10138
16989
10640
236
19534
24312
7217
15689
424
23820
21011
32330
22670
20407
29834
3397
1497
31760
29404
18130
10405
18176
9353
15709
11984
21360
3801
19188
11533
4148
8024
25353
10504
13571
921
23284
31616
5682
17375
7609
22752
7240
16520
18061
24998
14482
21975
17425
3506
28629
22666
19579
5162
2441
10921
22331
1989
28052
18256
1110
27523
3797
9238
12639
2065
10241
29478
11605
9809
1957
3901
1130
5365
5963
10200
32504
16209
27194
3178
5322
11468
12970
17088
28893
1992
7281
27944
15901
29792
16096
7542
30116
18110
26162
12412
9833
18072
24514
16438
31434
32611
29450
22806
28354
10337
26443
2535
18450
21296
12642
17128
23772
13595
31712
27049
17694
23686
27825
6341
30795
22630
13195
29378
23783
25885
3455
9654
18810
27299
11446
27948
27348
23515
30255
18863
646
29817
1193
12210
12986
27028
17453
3034
10391
18560
21016
22089
4093
21629
9428
16948
18200
18643
23581
15293
26520
15418
19033
7724
26001
32630
28312
2880
26068
32264
2203
23551
14184
22435
1532
6784
22588
24420
12872
17459
25497
26405
17960
6653
21986
11940
12748
30957
31340
22332
11028
1574
28876
32312
27403
11709
20960
3054
29127
479
21401
17303
17031
7596
30290
6226
12268
31774
22509
21594
4663
22306
1294
23726
27479
4530
20860
439
26226
1434
14276
19284
19939
10276
30409
26165
20283
14696
10172
29413
19722
29811
4189
11042
31719
1772
15679
25833
1328
27257
31201
147
19438
4342
15429
9392
11065
11550
8932
23393
32748
5628
23101
29219
10287
11964
31539
9957
7226
4075
9193
25989
15180
21075
19357
20050
15718
446
4082
24216
23343
18753
15161
1327
31294
19700
19464
2878
4677
26711
24225
9334
25163
7806
24002
1418
23014
17513
11787
5590
20433
28540
668
8708
27614
16073
31374
6110
17283
5511
13408
22975
9172
22546
20309
2889
6438
11433
18167
2906
20091
2576
23535
24424
18944
27889
13349
1506
13389
12570
7511
10957
1853
2466
2245
20503
25829
31584
14765
5177
11654
32023
1639
6616
23161
4528
745
30168
6036
10742
13746
10216
14631
2036
8541
23654
2925
15396
5646
5073
18681
27483
5908
4605
17136
14145
16451
16646
16979
28383
26200
7491
9343
7358
27243
25369
10983
10833
28614
15291
3209
24186
16380
16140
11677
10008
30840
15483
20417
8019
21247
21171
28095
17826
8706
27977
6104
12551
26715
3688
30612
11202
22726
28469
14702
9729
16597
19592
23263
24052
28207
29431
22132
23919
24411
3667
18991
31549
31648
15236
25395
19259
13178
29100
2678
23914
1604
31103
8726
5328
2219
19211
3769
27260
19771
9941
31375
13393
6123
7600
4376
9577
26313
1122
23860
24239
18326
20810
30732
27974
15350
23993
31142
11965
15386
7293
1662
117
21070
21672
12827
19642
8265
26674
15720
3490
10023
29710
322
18803
29360
11372
1598
24832
24481
6548
13158
26040
10165
23316
20447
23078
27727
26950
17592
13650
11494
13167
15287
25645
10254
24846
13014
26392
20269
27786
10757
8208
9457
18934
17883
16252
16412
5471
28956
26759
20705
25541
30789
23904
12917
19178
3521
25810
2199
17354
13428
31186
22356
12799
23356
31969
13476
443
7683
23664
19853
25248
15965
3003
16976
16689
25174
24732
12605
23536
12158
20202
9263
22377
113
26626
31361
21475
4048
21439
28926
11657
3263
26888
2788
2459
17692
4170
18080
26922
18778
18448
18957
30190
19806
28895
14461
8861
17456
1363
10472
18945
27740
11197
12833
2393
27639
21753
19025
28773
26180
7427
32165
9039
6414
2887
25389
5371
17276
23270
5045
890
8074
11717
30718
1858
27038
17476
22672
29348
16430
9737
7234
7608
22683
8564
16867
17607
20049
856
25725
332
26455
18495
13760
8277
6669
10808
578
24302
3393
24715
20521
32401
28702
19759
898
4073
21697
8059
19776
6313
24133
32002
20694
31846
28183
29590
1139
618
26419
5896
28925
31713
13084
24357
6544
21425
14933
5057
14888
24288
22815
24737
6408
11771
29664
5735
2781
12102
15069
10553
23391
13391
21445
19778
5407
13257
16577
26340
22086
31134
10382
29463
4935
6962
12013
22904
12309
21298
14318
5807
11776
32256
31257
30647
18066
27277
3480
30213
10786
2511
27174
12473
13611
12932
8411
20317
4407
30138
21350
20492
27190
24071
31193
2165
5597
2111
12392
3931
15487
19593
13756
20249
24913
14380
20934
5737
5724
1659
22201
20324
1956
7374
30078
27928
25276
2086
8241
10064
7695
3435
7357
3587
31899
22964
1661
25047
20700
19968
20397
6217
27322
28424
11758
4538
14602
28276
8664
19378
1343
27064
8161
25231
4370
29411
23218
20729
2191
23250
18496
7904
18598
119
2046
5819
16285
436
15334
10206
126
9402
20064
5021
9276
297
30776
31482
18070
1291
20226
25995
30552
27045
25552
1389
19848
30978
9633
9038
11673
6903
14197
29625
4373
26466
21768
11529
17548
1501
14088
24094
26098
21283
26886
12328
7375
29149
2293
3560
12746
15652
18562
9946
23983
17180
24692
9954
30654
29278
26195
31822
29952
20359
6206
19230
30456
20141
21069
16859
13297
13024
12331
7412
28623
5640
926
25417
14195
6437
29291
2027
23223
10777
6720
2439
7023
1749
16941
6331
5307
5487
6695
2232
21323
19308
19304
651
10065
3918
12330
20669
24129
15854
17514
19124
5397
13609
28155
29770
6972
21558
19849
11195
19918
8203
30425
2666
29341
15614
20956
4500
6703
21579
21089
26024
7456
24926
28456
9964
18983
30481
2553
11262
16821
22495
1557
15684
573
16023
6436
11741
18692
20210
21042
28851
12638
4761
30286
30234
9395
28337
10898
7121
16925
26384
24293
30923
18077
27531
28352
19393
28760
1630
22169
5616
18688
19805
19453
8835
887
24567
1425
31292
7991
17502
4114
16458
30447
13633
13370
25487
31580
26430
26717
20080
30601
418
13984
26728
2657
11930
5319
27440
27696
6381
11079
4303
6103
25139
19967
29205
28854
28340
5834
18762
16053
27747
9971
5914
25894
25630
29214
26966
6709
5493
11145
16203
20267
28133
14516
6595
11411
8924
449
9180
22708
7177
12039
10776
243
14248
26472
2940
3152
19731
12241
23080
14278
23720
18368
31020
19714
6308
8704
19334
25918
31295
24112
5684
15469
13387
30846
11850
19623
7549
9637
25058
29268
32467
20191
12883
28637
6016
30725
22879
26130
32595
15278
23481
29688
6917
2988
10432
9011
17814
17567
29024
14500
14065
18862
2750
13606
8402
16912
8170
1396
19875
15067
20820
9527
3733
25240
14502
30953
1738
28507
17534
18046
13473
1143
553
14582
31595
7594
21831
470
13993
2719
4506
9603
6898
25620
32501
7151
350
1069
6178
27697
12573
1641
462
29682
9182
10963
8761
26090
28954
4337
24744
5649
11866
29121
12146
6302
10360
6181
3442
23805
10933
27767
18083
14650
32718
11253
22281
31135
20246
23801
30383
21728
22129
12509
5069
26680
7612
28
9667
11503
31857
30021
4893
15436
9612
13462
31625
3374
7350
30948
31605
18466
11851
30524
15681
6795
3454
21668
29875
29366
25099
3102
18720
13851
4833
24933
27990
26513
20513
706
29669
24726
9844
16669
2366
16591
28237
17572
10140
14667
27126
29822
26673
3254
23191
25797
30334
19835
3385
1101
11993
10186
7017
24161
7124
8871
2841
27567
2589
4608
12837
31327
19566
1214
1096
24268
19171
22918
6999
6498
28344
29314
17714
23188
9992
30102
6363
16943
3325
6054
20563
10770
18462
29900
30618
6618
23013
9808
22681
920
25533
27607
13853
23294
7919
223
8890
12488
9762
16566
11312
3494
28730
29318
438
4924
7030
12624
4881
718
31288
29776
20817
22821
20581
3002
23406
30826
2461
14400
30099
21007
29781
23338
24099
10965
6617
2992
32499
31364
14522
20156
5101
29195
31825
9868
26595
31985
24365
4714
14784
27498
28788
17956
16094
11967
15009
1887
1831
27794
16095
27202
16020
25987
2392
8544
15346
11026
25631
29327
11334
13248
5216
3719
27732
18960
13799
17645
23973
22786
10067
277
21469
28873
31210
8139
11427
12046
32397
18427
11235
9531
6056
7054
4793
14578
677
21141
32063
5610
2638
24620
21380
8065
13124
15247
21997
18630
32655
24898
10365
31170
26800
12305
5086
10800
13823
32752
17583
6719
32151
24746
31425
32133
31796
26524
28505
5572
10753
27017
3301
8345
7775
18651
31563
2396
30952
10424
31457
2250
5708
15039
20075
6284
9953
25520
20787
19909
22189
1529
13080
24587
5350
25145
22316
9511
2869
30649
27637
29364
14095
22966
6024
30616
32442
23781
5629
15296
20042
171
30074
7085
12816
5347
30625
30259
27856
15857
18386
7634
16024
5448
9620
12689
19885
31973
29744
967
22344
28376
5067
15896
27294
20313
21155
8640
13718
30081
24231
1441
30307
9022
5367
13787
3216
21488
30328
9765
30272
8291
13264
21303
6184
3927
2422
9984
27105
20789
1821
26986
1339
22863
22379
23357
19916
21179
27140
15899
3956
8251
22115
8487
6014
19401
17189
20937
29542
25312
8369
26356
26556
21107
7459
11373
10570
905
31094
10021
22374
9129
30506
5706
6855
32448
1271
29909
23795
10126
25229
13838
28479
9472
10867
20577
14823
17423
11354
3684
18936
6868
25446
18032
15447
13027
16967
30467
7169
18523
20750
5455
30898
7306
27563
8245
26370
18126
9858
12171
23569
5981
6865
18587
10788
17166
32095
32011
6523
6143
28262
17539
14621
19117
1678
1325
9921
3357
20078
27714
28831
104
5920
27314
11003
29329
5677
16692
12222
16814
11746
4909
30153
9709
8403
29321
23765
6231
14796
6606
29287
20399
24548
13543
16939
25000
10440
12369
23018
17757
17684
30342
11382
17340
512
20842
5779
9487
5989
2543
11485
3809
30577
31614
4037
14678
29284
11051
6008
12995
4350
15521
4897
29731
6986
2117
16881
31864
29357
18781
22864
28063
9127
10850
22187
4046
10465
12478
30036
21183
14827
17229
29409
10151
2751
14700
20730
23877
3044
30478
2004
4262
28400
11070
27778
14671
16675
3752
16792
28092
29519
2267
12596
25474
5002
18316
21602
5049
17118
20966
30096
4452
1895
19231
16405
8837
29758
18468
30351
23844
17239
13468
24611
24251
8666
5242
24212
22663
29855
20623
24210
1920
10884
25599
7214
8497
14121
15661
28296
32429
22094
6444
3456
3558
14008
401
3819
22655
4009
11649
12175
14151
25703
1632
475
4838
7740
9732
1024
28883
16866
30777
17040
28329
3952
10897
23230
6075
1245
3377
32667
10646
21820
19766
3962
23682
5098
3547
13025
22716
31786
32558
23869
24662
6367
18486
5133
13541
20343
10724
8963
22771
973
14635
1852
24537
32742
2114
17170
11947
4275
20816
7113
24011
24217
1053
23752
24966
2346
7772
1762
27700
27030
17264
30448
21101
3876
12187
12244
11277
9890
31406
11969
4654
25640
18408
25680
31249
29203
20920
14346
17112
31432
25981
5443
32749
13547
20014
7615
1050
16230
7704
18311
11795
9999
17169
28368
7140
25575
23206
28487
4695
27086
678
30423
18628
18287
11847
9867
9606
29237
22144
31079
3058
25153
23273
1141
19190
29941
12803
10839
16112
29335
1215
30919
24594
16780
4894
4912
7880
6786
48
1833
20247
22637
17630
23122
10931
18999
15880
13239
3762
28735
5421
17724
28571
28932
6826
17861
30522
2489
24595
12352
7283
13352
29323
32292
4379
27372
657
2403
3648
16996
19266
17480
23901
22755
7835
26248
29049
24238
2662
21828
6578
3179
17125
1509
22941
5931
9142
23165
23246
29415
3995
29011
17954
9648
12384
29838
11854
8353
11200
25468
8892
21137
22403
13261
9274
12038
30365
13139
8304
5714
18480
22133
25778
24777
16975
32206
18120
26216
4368
18665
15516
1980
1609
7222
15872
5410
25773
6122
18834
19152
15704
6183
28920
26997
14953
18232
1569
19975
23828
167
18315
23570
26949
29066
22676
29441
7495
29673
11983
14766
15072
3014
21364
22761
22581
22887
24454
10818
19461
29258
11607
24331
8324
13003
12409
6107
11169
9435
9862
7879
2340
27866
20999
24874
27963
10566
28253
9634
21921
18414
12408
5141
19695
11512
25783
17620
7583
14919
30689
10835
8051
11688
8338
19067
21623
31819
18501
22123
23838
10401
22291
15846
14456
20748
4390
21282
20029
9781
1981
5357
5353
9346
29825
16340
17621
30224
536
7561
28811
7089
12593
24971
26880
8392
8568
28987
18856
28525
25471
4911
20059
9160
9554
3315
31814
7136
6958
3103
10990
32523
8395
4661
26409
9508
19296
13329
13311
32272
28574
25021
9590
187
23950
29801
29432
5044
21511
15918
1606
6031
25793
6990
21610
1804
21087
20676
22719
30724
24974
3794
17185
26959
26157
15991
4701
25610
7122
16667
29134
3279
4577
15759
27543
15738
14576
8079
7861
28874
12206
10619
17558
17740
27302
18241
22182
22345
11676
13280
3980
21133
25393
20802
24649
15347
4449
9029
26983
8498
9650
30016
3417
4581
29050
23152
23970
27941
12429
21128
17584
16766
1034
17265
12874
22527
25549
3727
23064
4319
12736
741
17867
9479
28346
32223
10979
1894
18268
5800
3111
3765
30298
29766
22369
21368
31917
16275
13953
24901
1793
26022
14781
16583
25346
30210
3495
30985
17087
22843
13666
4808
29430
16254
20515
17192
6186
26512
26060
22029
3838
5926
16201
10084
719
30984
29155
23142
9694
14537
24641
18591
13544
22493
28880
13401
2019
4027
21034
8901
29026
28048
11369
21347
31444
6798
30634
28714
24848
12859
29306
4739
5966
1829
24531
5454
6550
9671
24716
21220
4566
22846
25534
6592
23685
25324
1683
14975
14277
21443
26508
19288
32556
20468
15108
12302
29534
32326
14776
17776
23076
32581
16930
25922
29038
563
11831
21667
31414
10516
10792
12383
19978
23365
23566
3159
29836
1095
2536
31399
11232
24710
12688
5909
26451
8236
28693
27502
26837
20537
12661
11391
22240
29623
23568
19484
7484
29267
9748
11186
19051
26869
16615
29521
28295
11568
18062
21297
17602
1171
14025
32153
14721
6832
9889
27074
19250
18264
28067
14464
19674
11560
32666
3041
805
5183
23217
1836
7454
29583
22822
31979
25463
9131
18625
23114
21600
29351
30716
26515
12985
20742
2883
28223
24664
11488
18627
29399
13516
25017
3410
30253
17407
7424
29706
23624
17424
2401
26847
12258
27208
2600
18359
274
31323
27689
21684
7267
20434
15423
5637
10901
14764
3902
22460
23321
22421
13783
10654
25336
1162
20800
9079
26706
27762
6252
6683
14378
6362
6561
21460
10661
22224
23912
4490
1745
30118
29211
17161
22988
9105
23556
29076
26396
6860
9278
11476
11523
1172
17336
2616
27298
11923
28775
2661
17580
32441
16608
3616
29234
3514
8796
17670
9784
26150
9857
7225
5814
15832
2282
7693
13550
28192
1783
30047
11472
9198
12878
26437
15193
30241
18178
28575
10020
24544
17348
25339
16932
24289
26225
20765
9725
5277
32090
4152
28556
16114
8827
740
17935
32518
32171
12879
15128
16116
13163
15839
16770
18063
31800
30422
17485
13731
21647
27631
14825
17662
31716
26934
16871
19439
22270
27874
32300
12194
28534
26311
538
31548
437
24349
24861
1643
26307
7777
20807
23923
14149
2899
27606
5624
20355
27196
13939
25942
9221
13351
8243
5994
16706
22482
3140
29244
23036
28844
26682
17550
23888
27460
20281
4834
4476
12378
27664
9661
4727
24503
23451
9013
10248
9348
6670
11218
8296
31873
13254
2041
18250
6089
29805
22202
32768
28269
10543
18136
18820
54
27373
4041
20338
1216
25959
14818
477
23953
5482
5362
6849
15884
12338
30183
31690
11432
5867
21563
4081
4662
12386
1241
29938
11489
14930
18545
8777
24815
16733
28411
24932
13497
24315
22715
13332
29094
3529
12232
8774
12531
13495
15480
31866
2819
9700
21471
19271
10616
10328
32711
5548
10249
26529
20511
6425
17160
29272
27132
2948
28649
18940
1916
5349
1100
18660
24502
25890
21091
8764
24009
111
6160
13876
26976
12544
22759
15949
10878
13741
30216
23471
4421
27859
6464
18068
16159
4890
30954
10457
18409
627
27878
22282
25115
23802
8284
28966
2685
24866
2254
32577
4771
9757
11395
13970
8137
29133
14040
7715
19945
13010
7200
22809
14290
32713
19578
27241
1625
17057
25900
4778
3075
15118
13052
27598
307
23655
10195
24802
19341
14098
28504
13751
13808
28617
30079
11570
23496
23774
31216
14432
13721
10627
7813
1995
18314
22602
11778
27938
9821
12426
25427
15929
24120
3289
13066
20588
5592
17549
17899
11902
7284
24433
12230
8626
19400
20228
28958
12542
19193
4150
16802
15290
1489
7886
23087
23815
29581
11956
18273
12982
30750
3356
27692
19409
16551
31501
9139
19727
14684
10166
6775
5246
7535
11827
722
32724
9294
12801
3999
7680
2564
3862
16311
20095
26731
18528
7529
16707
24322
21328
4463
15081
13353
19779
14218
13164
17840
7564
17314
2475
7623
16568
15052
166
14717
22395
14515
6316
9231
19691
25180
10442
11742
21145
7024
25348
4208
31843
6613
9165
30361
25815
2332
12229
8209
17506
20617
27144
5760
5600
21333
19054
28716
20870
2259
28162
18993
25537
7163
31948
13022
8614
24683
15459
3921
4849
16390
18780
4681
1190
4688
5761
12304
25080
19649
12762
8407
25786
25457
20826
11748
16808
21619
3873
13767
31199
29455
5255
9012
4843
23001
21313
160
24369
13603
11594
10771
15226
4255
26037
19604
31365
2818
18571
3466
3300
32460
8522
32608
23488
13034
9291
21498
16424
13791
25126
16507
6570
6279
2020
5215
17385
18504
3174
28110
18222
9643
26537
16010
31448
7999
11527
13638
29529
9717
3981
20582
28656
13425
14430
23595
2523
17589
1264
14414
14208
29362
18596
17651
31953
10155
25693
1591
10699
24249
27203
6395
7348
19917
227
25327
8082
834
1433
610
20583
9494
25009
19314
4817
27659
21118
30606
15225
12166
26015
17561
6209
25351
24678
29851
25116
25173
