3
5
23
26
28
29
48
54
55
56
60
63
64
69
74
83
87
88
92
99
104
107
108
111
113
114
117
119
121
122
125
126
128
130
138
143
147
151
152
159
160
166
167
171
178
181
185
187
188
190
196
197
201
212
217
218
221
223
227
231
234
236
237
240
243
246
249
250
253
258
261
264
266
272
273
274
276
277
282
289
290
295
297
307
310
311
321
322
327
332
347
349
350
359
361
366
367
371
378
382
385
388
392
393
395
401
405
407
410
412
416
418
422
424
426
433
436
437
438
439
442
443
446
449
450
454
460
461
462
463
466
470
473
475
477
479
506
509
512
514
516
517
526
536
538
539
540
544
547
550
551
552
553
563
573
578
579
585
589
590
593
602
606
609
610
611
615
618
625
627
632
633
635
646
647
651
652
654
657
659
662
664
668
669
671
675
677
678
682
683
689
690
691
702
703
706
708
713
718
719
722
728
729
730
735
737
738
740
741
743
744
745
748
749
754
755
761
764
770
774
776
778
785
795
797
800
805
810
813
821
831
834
835
844
846
847
848
856
859
863
868
885
887
888
889
890
892
898
905
913
920
921
926
927
928
933
937
938
942
943
945
946
949
957
966
967
973
981
983
987
990
996
997
998
999
1002
1003
1007
1009
1014
1018
1019
1020
1023
1024
1034
1035
1037
1042
1047
1050
1053
1069
1072
1074
1075
1083
1085
1087
1089
1095
1096
1099
1100
1101
1106
1108
1109
1110
1111
1112
1117
1118
1120
1121
1122
1123
1125
1128
1130
1133
1135
1137
1139
1141
1143
1146
1149
1153
1155
1159
1162
1171
1172
1176
1178
1184
1186
1188
1190
1193
1200
1207
1210
1211
1214
1215
1216
1218
1221
1224
1228
1236
1241
1242
1243
1244
1245
1246
1249
1255
1256
1257
1262
1264
1270
1271
1279
1282
1286
1287
1289
1291
1292
1294
1297
1298
1299
1301
1315
1317
1318
1321
1325
1327
1328
1332
1338
1339
1340
1341
1343
1363
1364
1370
1371
1380
1384
1386
1387
1389
1392
1394
1395
1396
1397
1403
1404
1406
1409
1411
1412
1418
1422
1423
1425
1433
1434
1437
1440
1441
1442
1443
1451
1454
1461
1462
1468
1478
1481
1482
1489
1490
1491
1497
1501
1506
1508
1509
1512
1514
1515
1521
1522
1523
1525
1526
1529
1530
1531
1532
1541
1544
1545
1548
1552
1557
1561
1569
1573
1574
1575
1577
1582
1584
1585
1590
1591
1598
1602
1604
1605
1606
1607
1609
1610
1611
1625
1628
1630
1632
1639
1641
1643
1647
1651
1654
1659
1661
1662
1665
1671
1676
1678
1679
1683
1684
1686
1687
1689
1701
1705
1708
1710
1715
1717
1718
1725
1731
1732
1734
1735
1738
1739
1742
1745
1749
1752
1754
1758
1760
1762
1765
1768
1771
1772
1777
1779
1783
1787
1789
1790
1793
1801
1802
1804
1810
1811
1813
1817
1821
1829
1831
1833
1836
1838
1851
1852
1853
1854
1858
1860
1861
1862
1879
1882
1883
1884
1886
1887
1890
1891
1894
1895
1908
1911
1913
1916
1920
1922
1928
1940
1945
1946
1951
1956
1957
1964
1965
1967
1973
1974
1976
1980
1981
1983
1984
1989
1992
1995
2004
2008
2009
2019
2020
2023
2027
2032
2033
2034
2036
2041
2045
2046
2049
2052
2053
2056
2064
2065
2071
2072
2076
2079
2086
2087
2094
2103
2108
2110
2111
2112
2113
2114
2115
2117
2119
2122
2125
2130
2131
2133
2134
2136
2144
2146
2147
2148
2150
2162
2164
2165
2169
2173
2181
2184
2190
2191
2194
2198
2199
2200
2203
2207
2217
2219
2223
2229
2232
2233
2234
2236
2245
2248
2250
2253
2254
2255
2256
2259
2261
2262
2263
2266
2267
2268
2269
2274
2280
2282
2283
2285
2288
2289
2292
2293
2302
2316
2317
2319
2320
2321
2323
2325
2329
2332
2334
2338
2339
2340
2346
2351
2360
2362
2365
2366
2372
2375
2377
2380
2387
2392
2393
2396
2398
2401
2403
2404
2406
2412
2416
2422
2425
2429
2432
2434
2439
2440
2441
2443
2444
2448
2450
2451
2456
2459
2461
2462
2466
2468
2469
2472
2475
2481
2484
2489
2490
2492
2493
2503
2507
2509
2511
2513
2514
2517
2523
2529
2533
2534
2535
2536
2537
2543
2544
2547
2548
2550
2552
2553
2557
2560
2562
2563
2564
2567
2576
2579
2588
2589
2592
2593
2595
2600
2612
2613
2616
2618
2621
2632
2635
2638
2643
2644
2646
2647
2650
2653
2657
2661
2662
2665
2666
2674
2675
2676
2677
2678
2679
2685
2686
2703
2709
2710
2713
2714
2717
2719
2720
2723
2728
2748
2749
2750
2751
2753
2754
2768
2772
2773
2778
2781
2783
2788
2794
2799
2804
2814
2818
2819
2822
2824
2827
2833
2837
2839
2841
2847
2850
2852
2857
2866
2869
2870
2874
2875
2876
2877
2878
2879
2880
2883
2885
2887
2889
2896
2899
2900
2906
2910
2914
2915
2916
2919
2921
2924
2925
2932
2934
2937
2940
2948
2959
2963
2973
2974
2976
2980
2981
2982
2988
2992
2997
2999
3002
3003
3008
3010
3014
3018
3020
3021
3026
3027
3028
3030
3032
3034
3041
3042
3043
3044
3046
3047
3048
3049
3051
3052
3054
3055
3057
3058
3059
3060
3065
3075
3078
3082
3086
3092
3093
3099
3102
3103
3105
3110
3111
3123
3125
3126
3127
3133
3140
3144
3148
3151
3152
3154
3155
3156
3157
3159
3165
3168
3171
3174
3178
3179
3182
3183
3186
3194
3199
3204
3205
3207
3209
3211
3216
3218
3219
3220
3228
3230
3231
3234
3235
3238
3248
3250
3251
3254
3256
3257
3260
3263
3267
3269
3279
3284
3287
3289
3295
3300
3301
3304
3313
3315
3316
3319
3322
3324
3325
3332
3334
3341
3345
3352
3356
3357
3363
3367
3374
3375
3377
3384
3385
3388
3390
3393
3396
3397
3398
3407
3408
3410
3412
3417
3418
3419
3430
3432
3435
3436
3442
3448
3450
3451
3454
3455
3456
3458
3459
3460
3462
3463
3466
3468
3473
3474
3480
3490
3494
3495
3496
3497
3498
3502
3503
3504
3506
3508
3510
3514
3517
3521
3522
3523
3526
3529
3543
3544
3547
3554
3558
3559
3560
3570
3573
3581
3584
3587
3588
3589
3591
3598
3599
3614
3616
3623
3629
3636
3637
3638
3647
3648
3656
3658
3662
3667
3683
3684
3685
3688
3693
3698
3701
3707
3711
3712
3713
3714
3719
3720
3721
3726
3727
3732
3733
3736
3740
3746
3747
3749
3752
3760
3761
3762
3765
3767
3769
3772
3778
3794
3797
3801
3805
3809
3812
3814
3819
3822
3823
3824
3825
3827
3828
3834
3838
3845
3853
3859
3862
3873
3876
3880
3883
3888
3892
3895
3898
3901
3902
3903
3904
3906
3915
3917
3918
3921
3924
3927
3931
3933
3935
3939
3947
3952
3956
3962
3964
3965
3971
3973
3975
3980
3981
3982
3986
3992
3995
3996
3999
4001
4002
4003
4009
4012
4013
4014
4016
4018
4019
4020
4027
4029
4032
4037
4038
4040
4041
4046
4048
4050
4055
4059
4061
4063
4069
4073
4074
4075
4080
4081
4082
4086
4089
4091
4093
4094
4104
4107
4112
4114
4116
4119
4120
4121
4124
4125
4131
4133
4134
4136
4140
4144
4146
4148
4150
4152
4153
4158
4160
4162
4166
4170
4172
4177
4180
4186
4189
4191
4192
4193
4196
4208
4209
4214
4217
4224
4229
4239
4244
4245
4247
4249
4250
4253
4254
4255
4260
4262
4268
4275
4278
4281
4288
4292
4293
4299
4300
4302
4303
4308
4311
4316
4318
4319
4328
4333
4337
4339
4342
4343
4346
4347
4350
4351
4352
4353
4357
4358
4359
4367
4368
4370
4373
4374
4375
4376
4377
4379
4384
4385
4390
4395
4397
4400
4402
4403
4405
4407
4408
4413
4416
4420
4421
4427
4431
4434
4441
4444
4446
4449
4450
4452
4453
4455
4456
4458
4463
4465
4466
4467
4468
4471
4474
4476
4480
4481
4484
4488
4490
4492
4493
4494
4495
4500
4502
4506
4511
4512
4518
4525
4527
4528
4530
4531
4535
4538
4545
4546
4552
4554
4566
4570
4576
4577
4581
4582
4587
4590
4591
4592
4594
4602
4605
4608
4610
4611
4654
4656
4658
4659
4661
4662
4663
4666
4667
4675
4677
4678
4681
4688
4695
4701
4702
4704
4712
4713
4714
4715
4717
4727
4729
4733
4734
4735
4739
4745
4747
4748
4754
4755
4760
4761
4770
4771
4778
4782
4786
4789
4793
4794
4795
4799
4802
4808
4812
4813
4815
4817
4823
4825
4833
4834
4837
4838
4843
4844
4845
4848
4849
4851
4859
4860
4868
4871
4881
4882
4884
4885
4890
4892
4893
4894
4896
4897
4898
4908
4909
4911
4912
4924
4927
4935
4938
4940
4943
4946
4950
4956
4958
4962
4963
4965
4969
4970
4973
4976
4978
4984
4994
4997
4998
5002
5012
5020
5021
5026
5028
5032
5035
5036
5038
5040
5041
5042
5043
5044
5045
5047
5048
5049
5057
5058
5059
5061
5067
5069
5072
5073
5075
5083
5086
5092
5093
5098
5101
5106
5113
5117
5120
5123
5124
5126
5127
5133
5136
5141
5143
5155
5159
5161
5162
5166
5167
5172
5173
5174
5175
5177
5181
5182
5183
5189
5199
5200
5205
5212
5213
5214
5215
5216
5220
5223
5226
5230
5233
5241
5242
5243
5246
5249
5250
5255
5259
5265
5275
5276
5277
5279
5280
5283
5293
5304
5305
5307
5314
5319
5321
5322
5324
5327
5328
5336
5347
5349
5350
5352
5353
5355
5357
5359
5361
5362
5364
5365
5367
5368
5369
5370
5371
5375
5390
5391
5396
5397
5398
5399
5400
5404
5406
5407
5410
5411
5414
5416
5419
5421
5426
5428
5430
5432
5433
5434
5436
5437
5439
5441
5442
5443
5444
5448
5454
5455
5460
5468
5469
5471
5473
5475
5477
5480
5482
5485
5487
5489
5491
5493
5506
5507
5511
5516
5517
5521
5529
5532
5533
5534
5535
5536
5541
5544
5546
5548
5552
5554
5555
5556
5559
5560
5563
5572
5578
5584
5585
5588
5589
5590
5592
5594
5596
5597
5600
5602
5607
5610
5611
5612
5614
5616
5617
5620
5624
5628
5629
5637
5638
5640
5642
5646
5649
5651
5653
5660
5661
5663
5677
5682
5683
5684
5687
5692
5693
5699
5703
5706
5708
5714
5715
5717
5718
5720
5721
5724
5725
5726
5727
5735
5737
5741
5742
5743
5752
5755
5760
5761
5763
5766
5779
5781
5784
5788
5790
5791
5794
5798
5799
5800
5803
5804
5807
5808
5812
5814
5819
5820
5826
5828
5831
5834
5837
5839
5841
5843
5850
5861
5863
5866
5867
5868
5871
5873
5875
5880
5884
5895
5896
5897
5904
5907
5908
5909
5914
5920
5926
5927
5930
5931
5932
5936
5939
5940
5948
5953
5956
5959
5960
5963
5966
5971
5973
5976
5978
5981
5982
5989
5990
5991
5994
6001
6005
6008
6011
6014
6016
6017
6023
6024
6031
6034
6035
6036
6044
6050
6051
6054
6056
6060
6062
6067
6070
6075
6076
6083
6086
6087
6089
6090
6091
6100
6103
6104
6107
6110
6116
6121
6122
6123
6125
6134
6143
6146
6156
6157
6159
6160
6163
6165
6167
6169
6170
6171
6172
6178
6180
6181
6183
6184
6186
6187
6189
6194
6197
6206
6209
6211
6217
6219
6225
6226
6230
6231
6237
6243
6244
6249
6252
6253
6259
6260
6261
6264
6267
6270
6272
6279
6280
6282
6283
6284
6287
6290
6291
6302
6304
6305
6308
6309
6310
6313
6316
6320
6321
6322
6331
6341
6345
6347
6356
6357
6362
6363
6365
6367
6369
6371
6373
6375
6376
6381
6382
6384
6387
6395
6399
6401
6407
6408
6412
6414
6418
6420
6425
6432
6436
6437
6438
6439
6442
6444
6453
6457
6463
6464
6467
6472
6473
6474
6477
6482
6484
6491
6493
6498
6499
6502
6503
6504
6509
6510
6511
6512
6517
6522
6523
6526
6535
6536
6537
6538
6539
6543
6544
6548
6550
6557
6561
6564
6565
6567
6569
6570
6572
6575
6577
6578
6581
6584
6586
6591
6592
6595
6601
6604
6606
6607
6613
6615
6616
6617
6618
6621
6622
6624
6633
6640
6647
6649
6653
6665
6669
6670
6672
6675
6678
6682
6683
6686
6692
6695
6703
6706
6709
6710
6714
6719
6720
6735
6740
6744
6751
6760
6761
6762
6765
6766
6770
6775
6778
6780
6784
6786
6791
6792
6793
6795
6796
6798
6799
6802
6804
6807
6808
6816
6819
6821
6826
6827
6828
6830
6832
6835
6846
6847
6849
6851
6852
6854
6855
6860
6862
6865
6867
6868
6869
6874
6878
6879
6885
6892
6894
6896
6898
6903
6909
6912
6917
6923
6924
6930
6933
6958
6959
6962
6963
6972
6973
6979
6986
6988
6990
6997
6999
7000
7001
7003
7006
7008
7013
7015
7016
7017
7021
7023
7024
7028
7030
7031
7036
7043
7048
7054
7055
7058
7062
7078
7080
7082
7084
7085
7089
7098
7107
7111
7112
7113
7115
7120
7121
7122
7124
7125
7136
7137
7138
7140
7147
7148
7149
7151
7153
7163
7164
7166
7167
7169
7170
7174
7175
7177
7188
7195
7196
7197
7200
7208
7214
7217
7218
7219
7222
7225
7226
7228
7232
7234
7238
7239
7240
7245
7247
7249
7253
7262
7264
7266
7267
7268
7274
7280
7281
7283
7284
7285
7293
7295
7300
7301
7302
7305
7306
7308
7309
7316
7329
7338
7345
7348
7350
7353
7355
7357
7358
7374
7375
7376
7380
7381
7387
7388
7391
7397
7404
7406
7409
7410
7412
7413
7417
7419
7421
7424
7427
7428
7430
7436
7442
7445
7448
7452
7454
7456
7457
7459
7462
7464
7465
7469
7481
7484
7491
7495
7511
7512
7515
7518
7528
7529
7530
7533
7534
7535
7542
7549
7551
7553
7556
7560
7561
7564
7573
7574
7575
7577
7579
7580
7581
7583
7589
7591
7593
7594
7596
7598
7599
7600
7602
7604
7607
7608
7609
7612
7615
7617
7623
7627
7628
7634
7636
7637
7638
7640
7647
7648
7649
7653
7655
7657
7660
7661
7667
7676
7679
7680
7681
7683
7685
7687
7690
7693
7695
7697
7698
7700
7701
7703
7704
7705
7709
7715
7722
7724
7725
7731
7733
7740
7752
7755
7756
7758
7761
7767
7768
7772
7774
7775
7777
7779
7782
7792
7794
7797
7806
7807
7808
7809
7810
7813
7814
7815
7820
7823
7824
7825
7829
7831
7832
7834
7835
7838
7846
7851
7852
7855
7861
7862
7866
7867
7868
7869
7872
7876
7879
7880
7881
7882
7885
7886
7891
7893
7895
7899
7904
7906
7907
7908
7910
7919
7920
7924
7925
7926
7928
7931
7932
7938
7944
7949
7954
7964
7966
7969
7973
7979
7985
7986
7987
7991
7992
7995
7998
7999
8008
8019
8024
8025
8027
8029
8030
8035
8036
8042
8050
8051
8058
8059
8063
8064
8065
8068
8069
8071
8074
8079
8081
8082
8083
8084
8086
8088
8089
8090
8094
8097
8103
8105
8113
8114
8120
8131
8135
8136
8137
8139
8144
8148
8149
8155
8160
8161
8170
8177
8183
8188
8196
8200
8203
8204
8207
8208
8209
8217
8219
8224
8229
8234
8236
8241
8243
8245
8251
8253
8254
8256
8263
8264
8265
8273
8277
8281
8283
8284
8291
8295
8296
8302
8304
8305
8320
8322
8324
8325
8326
8335
8338
8340
8343
8345
8348
8351
8353
8364
8366
8369
8372
8373
8376
8381
8384
8389
8392
8394
8395
8399
8400
8402
8403
8405
8407
8408
8409
8410
8411
8413
8418
8423
8424
8434
8436
8437
8442
8446
8449
8452
8456
8465
8466
8470
8472
8474
8475
8477
8480
8483
8487
8489
8491
8493
8496
8497
8498
8500
8506
8507
8508
8513
8516
8520
8521
8522
8523
8526
8537
8539
8540
8541
8544
8559
8560
8563
8564
8568
8570
8572
8575
8582
8587
8594
8596
8598
8601
8602
8607
8611
8614
8617
8619
8620
8622
8626
8627
8630
8632
8633
8637
8639
8640
8648
8651
8652
8656
8661
8662
8664
8665
8666
8678
8685
8691
8699
8702
8704
8705
8706
8707
8708
8711
8715
8719
8725
8726
8727
8729
8741
8750
8752
8753
8759
8761
8764
8766
8768
8770
8771
8773
8774
8777
8781
8784
8790
8795
8796
8802
8811
8815
8823
8826
8827
8828
8830
8834
8835
8837
8838
8840
8841
8843
8847
8848
8852
8861
8867
8869
8871
8872
8876
8879
8889
8890
8891
8892
8898
8901
8906
8910
8911
8913
8915
8920
8922
8924
8927
8931
8932
8935
8937
8938
8948
8950
8955
8963
8964
8965
8966
8968
8971
8975
8978
8979
8982
8986
8988
8995
9002
9011
9012
9013
9018
9022
9023
9024
9029
9032
9035
9036
9037
9038
9039
9041
9043
9047
9051
9053
9054
9055
9059
9062
9065
9067
9071
9076
9078
9079
9081
9086
9088
9089
9098
9099
9101
9104
9105
9110
9111
9114
9119
9123
9127
9129
9131
9139
9140
9142
9145
9147
9149
9150
9151
9152
9154
9158
9160
9165
9167
9168
9172
9174
9176
9180
9182
9191
9193
9194
9196
9197
9198
9206
9212
9220
9221
9225
9227
9229
9231
9232
9238
9249
9250
9252
9255
9256
9257
9259
9263
9267
9270
9272
9274
9276
9278
9284
9288
9290
9291
9294
9297
9300
9303
9306
9311
9312
9314
9315
9321
9323
9326
9327
9328
9329
9334
9335
9337
9341
9343
9345
9346
9347
9348
9353
9354
9361
9363
9367
9374
9377
9378
9382
9390
9392
9395
9401
9402
9410
9413
9416
9425
9426
9427
9428
9431
9432
9435
9436
9437
9438
9439
9443
9444
9445
9455
9457
9460
9462
9466
9472
9475
9479
9486
9487
9494
9496
9497
9500
9508
9511
9512
9515
9527
9528
9531
9532
9542
9544
9545
9546
9548
9551
9554
9556
9557
9559
9560
9562
9570
9571
9575
9577
9579
9587
9588
9590
9593
9596
9601
9603
9605
9606
9612
9613
9614
9617
9618
9620
9632
9633
9634
9637
9641
9642
9643
9648
9650
9651
9654
9657
9658
9659
9661
9662
9667
9671
9678
9680
9691
9692
9694
9697
9700
9704
9706
9708
9709
9714
9715
9716
9717
9719
9721
9723
9725
9729
9732
9737
9740
9744
9746
9747
9748
9755
9757
9760
9762
9765
9767
9769
9771
9774
9775
9781
9783
9784
9788
9790
9801
9808
9809
9811
9819
9821
9827
9828
9832
9833
9841
9844
9846
9850
9851
9855
9857
9858
9862
9867
9868
9870
9872
9880
9883
9885
9886
9889
9890
9892
9899
9911
9912
9913
9917
9921
9927
9928
9929
9935
9936
9941
9943
9946
9953
9954
9955
9956
9957
9960
9961
9964
9966
9967
9969
9971
9972
9973
9976
9979
9982
9984
9985
9986
9988
9992
9993
9996
9997
9998
9999
10000
10008
10010
10013
10015
10016
10020
10021
10023
10031
10032
10033
10034
10048
10053
10056
10057
10063
10064
10065
10066
10067
10069
10071
10074
10076
10077
10078
10079
10080
10081
10083
10084
10086
10091
10094
10098
10099
10106
10109
10126
10130
10132
10135
10136
10137
10138
10140
10146
10150
10151
10154
10155
10160
10163
10165
10166
10172
10174
10177
10179
10186
10189
10191
10193
10195
10197
10199
10200
10201
10204
10205
10206
10209
10213
10216
10218
10221
10223
10224
10228
10233
10240
10241
10244
10248
10249
10252
10254
10259
10263
10268
10269
10272
10276
10280
10282
10285
10286
10287
10296
10303
10305
10306
10308
10324
10328
10333
10337
10341
10346
10352
10355
10359
10360
10364
10365
10376
10378
10382
10384
10385
10388
10389
10391
10394
10400
10401
10403
10404
10405
10407
10409
10410
10412
10414
10417
10419
10421
10422
10424
10427
10432
10433
10440
10442
10453
10456
10457
10462
10465
10467
10471
10472
10476
10478
10480
10482
10487
10492
10495
10498
10501
10504
10506
10512
10516
10519
10520
10528
10529
10530
10532
10533
10543
10547
10548
10549
10552
10553
10554
10556
10560
10566
10570
10573
10577
10579
10582
10591
10596
10599
10604
10607
10609
10612
10616
10619
10622
10627
10628
10632
10640
10641
10645
10646
10650
10652
10654
10658
10661
10668
10672
10674
10681
10692
10695
10697
10699
10705
10707
10708
10713
10715
10724
10726
10728
10730
10735
10742
10743
10745
10753
10754
10756
10757
10759
10762
10763
10767
10770
10771
10772
10774
10775
10776
10777
10778
10779
10781
10784
10786
10788
10792
10795
10797
10798
10800
10802
10803
10804
10805
10808
10811
10818
10822
10823
10825
10827
10833
10835
10836
10839
10841
10844
10845
10849
10850
10851
10853
10858
10867
10872
10874
10876
10878
10880
10882
10884
10885
10894
10897
10898
10900
10901
10904
10905
10906
10909
10912
10914
10915
10916
10919
10921
10928
10930
10931
10933
10938
10939
10943
10944
10948
10949
10951
10955
10957
10962
10963
10965
10966
10974
10979
10983
10986
10989
10990
10994
11000
11003
11007
11010
11011
11016
11017
11026
11028
11030
11034
11035
11042
11043
11046
11050
11051
11056
11065
11068
11070
11076
11079
11082
11085
11089
11098
11100
11101
11110
11113
11119
11123
11126
11127
11129
11130
11132
11145
11147
11152
11156
11158
11160
11169
11174
11176
11181
11182
11186
11187
11188
11194
11195
11197
11200
11202
11206
11218
11219
11224
11228
11229
11232
11235
11239
11248
11251
11253
11257
11260
11261
11262
11264
11266
11270
11271
11272
11273
11275
11277
11280
11284
11286
11289
11291
11295
11298
11299
11303
11305
11312
11320
11326
11328
11329
11330
11333
11334
11340
11341
11345
11349
11353
11354
11362
11368
11369
11372
11373
11375
11377
11382
11385
11386
11389
11391
11395
11396
11402
11405
11406
11408
11411
11414
11415
11417
11419
11427
11429
11432
11433
11434
11437
11439
11442
11446
11447
11450
11451
11456
11463
11465
11467
11468
11472
11474
11475
11476
11485
11486
11488
11489
11494
11503
11504
11508
11512
11518
11523
11527
11529
11531
11533
11534
11539
11541
11550
11552
11555
11559
11560
11565
11566
11567
11568
11570
11573
11579
11584
11586
11589
11591
11594
11595
11597
11605
11606
11607
11612
11620
11623
11626
11627
11635
11637
11645
11649
11654
11655
11657
11658
11664
11671
11672
11673
11676
11677
11680
11682
11687
11688
11689
11696
11699
11701
11703
11705
11708
11709
11710
11713
11717
11719
11723
11724
11728
11732
11736
11737
11738
11741
11742
11745
11746
11748
11758
11761
11766
11771
11774
11776
11778
11779
11785
11787
11795
11798
11799
11811
11825
11826
11827
11829
11831
11835
11838
11844
11847
11850
11851
11854
11855
11856
11859
11864
11865
11866
11867
11868
11869
11872
11876
11880
11885
11886
11893
11894
11901
11902
11904
11913
11923
11928
11930
11934
11936
11939
11940
11941
11947
11949
11950
11954
11956
11957
11960
11961
11963
11964
11965
11967
11969
11973
11976
11977
11979
11981
11983
11984
11992
11993
11996
11997
12000
12002
12006
12007
12009
12011
12012
12013
12018
12019
12020
12026
12027
12031
12038
12039
12040
12041
12046
12049
12050
12057
12063
12070
12072
12080
12084
12085
12087
12092
12097
12101
12102
12104
12109
12115
12122
12123
12127
12129
12133
12135
12136
12144
12146
12151
12155
12156
12158
12160
12166
12171
12172
12173
12175
12183
12184
12187
12193
12194
12203
12204
12206
12210
12218
12222
12223
12224
12229
12230
12232
12235
12241
12244
12245
12248
12258
12259
12260
12262
12265
12267
12268
12272
12275
12283
12285
12290
12293
12294
12302
12304
12305
12308
12309
12311
12314
12315
12316
12318
12323
12325
12328
12329
12330
12331
12332
12336
12338
12351
12352
12353
12358
12359
12360
12363
12365
12369
12378
12383
12384
12386
12389
12390
12391
12392
12393
12396
12397
12399
12403
12407
12408
12409
12411
12412
12414
12415
12419
12422
12424
12425
12426
12429
12430
12433
12447
12448
12451
12459
12461
12465
12472
12473
12474
12475
12476
12478
12480
12483
12484
12486
12488
12498
12501
12504
12506
12509
12515
12517
12522
12527
12528
12531
12533
12535
12536
12542
12544
12548
12551
12555
12564
12570
12571
12573
12574
12576
12590
12592
12593
12596
12599
12602
12604
12605
12608
12609
12616
12622
12624
12634
12636
12638
12639
12640
12642
12643
12647
12648
12653
12655
12656
12661
12664
12666
12668
12669
12672
12677
12679
12686
12688
12689
12691
12693
12696
12701
12702
12710
12712
12736
12737
12738
12746
12747
12748
12752
12754
12761
12762
12768
12776
12778
12786
12788
12791
12794
12798
12799
12801
12802
12803
12805
12809
12816
12822
12827
12830
12833
12837
12838
12843
12844
12852
12854
12856
12858
12859
12869
12871
12872
12874
12876
12877
12878
12879
12883
12884
12885
12895
12897
12904
12917
12920
12924
12928
12932
12934
12937
12940
12957
12958
12959
12961
12964
12967
12968
12969
12970
12974
12975
12978
12979
12980
12982
12985
12986
12991
12995
12997
12998
12999
13001
13003
13006
13007
13008
13010
13014
13015
13017
13022
13023
13024
13025
13027
13031
13034
13036
13037
13040
13046
13047
13050
13052
13058
13062
13066
13074
13075
13076
13077
13080
13082
13084
13085
13089
13091
13092
13095
13098
13103
13115
13124
13126
13127
13130
13136
13137
13139
13140
13141
13156
13158
13163
13164
13165
13166
13167
13175
13176
13177
13178
13185
13192
13195
13205
13208
13209
13217
13218
13222
13223
13228
13239
13240
13247
13248
13249
13250
13251
13254
13257
13260
13261
13264
13271
13273
13274
13279
13280
13281
13282
13283
13284
13286
13287
13288
13292
13297
13301
13307
13311
13313
13326
13328
13329
13332
13347
13348
13349
13351
13352
13353
13359
13363
13364
13369
13370
13376
13381
13382
13387
13389
13391
13393
13395
13398
13399
13401
13402
13403
13408
13410
13411
13416
13423
13425
13428
13429
13430
13434
13441
13448
13449
13455
13457
13458
13460
13462
13468
13473
13476
13477
13485
13493
13495
13497
13501
13504
13516
13521
13522
13523
13526
13530
13531
13537
13541
13543
13544
13545
13547
13548
13550
13559
13564
13565
13567
13570
13571
13572
13576
13578
13581
13585
13595
13596
13603
13605
13606
13607
13609
13611
13620
13629
13633
13634
13636
13638
13639
13645
13647
13650
13666
13671
13676
13682
13684
13687
13688
13690
13694
13699
13701
13708
13718
13721
13723
13724
13725
13726
13730
13731
13740
13741
13746
13747
13751
13755
13756
13757
13760
13762
13763
13766
13767
13774
13777
13778
13783
13787
13788
13791
13797
13799
13802
13804
13808
13809
13810
13811
13813
13814
13816
13817
13819
13820
13822
13823
13827
13829
13831
13834
13838
13839
13841
13842
13844
13851
13853
13861
13863
13864
13866
13869
13871
13875
13876
13879
13884
13893
13895
13898
13909
13918
13920
13925
13927
13928
13935
13936
13939
13943
13949
13953
13954
13965
13970
13972
13979
13983
13984
13985
13993
13994
13995
13996
13998
14005
14007
14008
14009
14013
14019
14025
14031
14032
14037
14040
14054
14065
14075
14076
14077
14078
14079
14080
14087
14088
14094
14095
14098
14099
14102
14107
14108
14114
14121
14124
14133
14136
14139
14145
14146
14149
14150
14151
14155
14160
14166
14169
14170
14175
14177
14184
14187
14195
14197
14208
14214
14218
14233
14238
14240
14241
14243
14245
14246
14247
14248
14253
14255
14257
14259
14266
14267
14270
14271
14276
14277
14278
14279
14280
14283
14284
14288
14290
14295
14296
14299
14312
14314
14318
14328
14329
14339
14343
14346
14351
14352
14354
14357
14362
14364
14365
14367
14368
14369
14370
14374
14376
14378
14380
14382
14384
14385
14389
14391
14398
14400
14404
14408
14410
14413
14414
14420
14426
14429
14430
14431
14432
14434
14435
14436
14437
14455
14456
14457
14461
14462
14463
14464
14467
14471
14472
14473
14478
14482
14486
14487
14489
14493
14500
14502
14504
14510
14513
14515
14516
14518
14522
14524
14530
14535
14536
14537
14544
14550
14559
14564
14565
14568
14574
14576
14578
14582
14597
14602
14606
14613
14614
14621
14631
14634
14635
14636
14637
14639
14642
14648
14650
14652
14662
14663
14666
14667
14668
14671
14674
14678
14679
14684
14689
14692
14696
14700
14701
14702
14704
14706
14717
14721
14726
14735
14738
14741
14742
14743
14749
14755
14760
14764
14765
14766
14773
14776
14777
14781
14784
14787
14790
14796
14797
14802
14803
14808
14809
14812
14813
14818
14820
14823
14824
14825
14827
14831
14836
14837
14838
14840
14848
14852
14858
14859
14875
14876
14888
14889
14890
14903
14904
14907
14908
14910
14914
14915
14919
14922
14929
14930
14933
14938
14946
14947
14948
14951
14953
14955
14956
14958
14975
14976
14982
14986
14989
14991
14994
14995
14998
15001
15003
15005
15006
15009
15010
15013
15016
15017
15019
15020
15022
15023
15024
15025
15029
15035
15036
15039
15052
15053
15056
15058
15067
15069
15072
15075
15077
15078
15079
15081
15086
15088
15093
15096
15100
15101
15103
15104
15107
15108
15115
15118
15121
15123
15126
15128
15150
15155
15161
15168
15174
15180
15185
15190
15192
15193
15195
15197
15198
15199
15203
15208
15209
15210
15213
15214
15217
15225
15226
15229
15232
15236
15243
15244
15245
15246
15247
15256
15263
15265
15266
15267
15269
15271
15273
15278
15283
15287
15289
15290
15291
15293
15295
15296
15298
15300
15302
15303
15304
15312
15313
15317
15318
15333
15334
15336
15346
15347
15349
15350
15356
15364
15368
15369
15370
15376
15377
15381
15385
15386
15387
15396
15401
15402
15403
15404
15408
15415
15416
15418
15423
15427
15428
15429
15434
15436
15438
15441
15447
15451
15455
15458
15459
15460
15467
15468
15469
15470
15474
15475
15477
15478
15480
15482
15483
15487
15502
15508
15509
15510
15514
15516
15518
15521
15527
15528
15531
15533
15539
15543
15546
15557
15570
15571
15573
15576
15577
15579
15589
15592
15601
15602
15604
15608
15612
15614
15616
15619
15623
15627
15650
15652
15653
15654
15657
15658
15661
15663
15670
15671
15678
15679
15681
15682
15684
15685
15687
15689
15690
15694
15697
15704
15705
15709
15718
15720
15722
15726
15731
15732
15733
15736
15738
15744
15749
15751
15752
15756
15759
15760
15765
15767
15779
15783
15786
15788
15789
15790
15792
15795
15798
15803
15806
15807
15808
15819
15820
15822
15823
15829
15830
15832
15835
15839
15842
15846
15848
15854
15857
15858
15859
15860
15866
15872
15876
15878
15879
15880
15884
15887
15892
15895
15896
15897
15899
15900
15901
15902
15905
15916
15918
15920
15921
15923
15925
15926
15928
15929
15930
15931
15937
15942
15947
15949
15950
15956
15965
15975
15978
15984
15985
15987
15990
15991
15992
15994
15999
16001
16005
16006
16010
16011
16018
16020
16022
16023
16024
16026
16032
16033
16034
16041
16045
16047
16050
16051
16052
16053
16056
16060
16061
16065
16070
16071
16073
16074
16079
16091
16093
16094
16095
16096
16097
16098
16099
16104
16106
16112
16113
16114
16116
16125
16127
16129
16135
16140
16146
16148
16154
16157
16158
16159
16161
16164
16165
16169
16172
16175
16178
16190
16194
16200
16201
16202
16203
16204
16205
16207
16209
16211
16213
16215
16216
16218
16224
16225
16230
16241
16245
16252
16254
16257
16262
16267
16270
16271
16275
16276
16277
16278
16279
16280
16281
16284
16285
16286
16287
16288
16293
16296
16297
16298
16299
16302
16303
16311
16321
16338
16340
16345
16349
16359
16362
16368
16370
16375
16376
16380
16384
16386
16390
16391
16396
16398
16401
16402
16403
16405
16406
16409
16412
16416
16423
16424
16430
16431
16436
16438
16440
16446
16449
16451
16453
16456
16457
16458
16460
16463
16466
16469
16470
16472
16478
16481
16488
16492
16494
16498
16499
16502
16506
16507
16509
16514
16520
16523
16538
16539
16544
16551
16558
16566
16568
16569
16570
16577
16580
16581
16582
16583
16585
16590
16591
16596
16597
16605
16608
16612
16615
16616
16619
16624
16626
16632
16638
16639
16640
16641
16643
16646
16647
16648
16652
16667
16669
16671
16674
16675
16689
16692
16706
16707
16708
16709
16711
16713
16717
16721
16725
16728
16731
16733
16735
16738
16740
16742
16743
16749
16752
16756
16766
16768
16770
16771
16775
16778
16780
16783
16786
16788
16789
16792
16802
16808
16810
16814
16817
16818
16819
16821
16822
16827
16838
16842
16849
16851
16853
16855
16857
16859
16866
16867
16868
16870
16871
16872
16881
16887
16895
16898
16900
16906
16909
16910
16912
16913
16914
16916
16918
16925
16926
16927
16930
16932
16939
16941
16943
16945
16948
16956
16959
16963
16964
16967
16968
16973
16975
16976
16979
16980
16983
16985
16989
16990
16991
16996
16999
17007
17010
17013
17014
17021
17031
17033
17040
17042
17055
17056
17057
17060
17062
17064
17071
17072
17081
17082
17087
17088
17093
17096
17105
17112
17117
17118
17125
17128
17133
17136
17138
17139
17143
17146
17153
17155
17157
17158
17159
17160
17161
17163
17166
17169
17170
17180
17183
17185
17186
17187
17189
17190
17191
17192
17199
17201
17202
17204
17205
17208
17211
17216
17217
17218
17224
17227
17229
17232
17236
17239
17240
17242
17247
17250
17252
17253
17261
17264
17265
17267
17268
17269
17276
17283
17291
17297
17299
17300
17302
17303
17304
17310
17314
17317
17319
17322
17324
17325
17327
17335
17336
17337
17339
17340
17341
17346
17348
17354
17362
17363
17365
17369
17371
17372
17375
17377
17383
17385
17387
17390
17397
17403
17406
17407
17409
17413
17416
17423
17424
17425
17439
17440
17442
17444
17453
17456
17459
17460
17469
17476
17480
17485
17486
17492
17494
17495
17496
17500
17502
17506
17508
17510
17513
17514
17515
17527
17531
17533
17534
17535
17536
17539
17547
17548
17549
17550
17552
17554
17557
17558
17561
17567
17572
17575
17580
17583
17584
17589
17590
17592
17593
17594
17599
17602
17607
17610
17611
17617
17620
17621
17624
17628
17630
17645
17651
17660
17662
17663
17670
17673
17675
17676
17680
17681
17682
17683
17684
17685
17689
17690
17692
17693
17694
17699
17702
17706
17707
17713
17714
17719
17724
17725
17728
17732
17736
17738
17739
17740
17742
17746
17751
17757
17759
17766
17776
17778
17789
17794
17810
17814
17820
17826
17827
17830
17832
17836
17839
17840
17844
17847
17850
17854
17856
17857
17861
17862
17864
17867
17871
17875
17877
17880
17883
17886
17887
17888
17895
17899
17903
17906
17908
17909
17911
17919
17920
17932
17935
17936
17942
17945
17946
17949
17951
17954
17955
17956
17960
17963
17964
17967
17969
17971
17975
17977
17982
17984
17991
17992
17993
18003
18007
18009
18013
18015
18032
18036
18041
18046
18053
18056
18057
18061
18062
18063
18066
18068
18069
18070
18071
18072
18076
18077
18078
18080
18081
18083
18086
18097
18105
18108
18110
18120
18126
18130
18131
18134
18136
18144
18147
18153
18164
18167
18169
18172
18176
18178
18179
18189
18194
18200
18209
18210
18212
18217
18220
18222
18228
18230
18232
18239
18241
18242
18243
18248
18249
18250
18256
18258
18260
18264
18266
18268
18269
18273
18275
18276
18279
18283
18286
18287
18293
18296
18297
18298
18301
18311
18314
18315
18316
18317
18325
18326
18330
18337
18338
18343
18347
18352
18355
18356
18359
18362
18364
18367
18368
18369
18370
18374
18375
18380
18383
18384
18386
18387
18388
18390
18394
18395
18401
18404
18406
18408
18409
18414
18415
18420
18421
18424
18427
18429
18432
18433
18435
18438
18448
18449
18450
18454
18462
18464
18466
18468
18472
18478
18480
18484
18486
18489
18490
18492
18495
18496
18497
18501
18504
18515
18523
18527
18528
18531
18544
18545
18554
18555
18560
18562
18564
18571
18579
18587
18590
18591
18592
18596
18598
18610
18618
18625
18627
18628
18629
18630
18633
18634
18635
18636
18637
18639
18641
18642
18643
18650
18651
18660
18665
18671
18680
18681
18683
18685
18688
18690
18691
18692
18696
18700
18701
18702
18703
18710
18711
18712
18720
18723
18725
18729
18732
18735
18738
18741
18746
18748
18753
18757
18762
18767
18778
18779
18780
18781
18787
18791
18795
18802
18803
18806
18810
18812
18815
18817
18819
18820
18822
18823
18828
18831
18832
18834
18844
18856
18858
18862
18863
18864
18866
18867
18868
18869
18870
18871
18874
18883
18888
18889
18895
18896
18897
18898
18904
18905
18909
18913
18921
18925
18934
18936
18940
18944
18945
18954
18957
18959
18960
18964
18972
18976
18978
18983
18984
18986
18991
18993
18995
18998
18999
19004
19007
19009
19010
19014
19016
19017
19021
19025
19029
19033
19037
19038
19041
19049
19051
19054
19056
19057
19058
19060
19062
19065
19067
19068
19069
19081
19082
19085
19087
19089
19092
19095
19096
19097
19098
19103
19104
19105
19112
19115
19117
19122
19124
19130
19133
19134
19140
19141
19142
19143
19145
19152
19155
19159
19162
19163
19165
19166
19170
19171
19174
19175
19178
19179
19180
19188
19190
19193
19204
19208
19211
19212
19213
19220
19222
19230
19231
19232
19233
19240
19241
19242
19243
19250
19254
19259
19264
19265
19266
19271
19281
19284
19285
19288
19296
19300
19302
19304
19308
19313
19314
19323
19326
19330
19334
19335
19336
19338
19340
19341
19357
19359
19361
19365
19366
19370
19377
19378
19382
19383
19385
19388
19389
19393
19399
19400
19401
19404
19406
19407
19408
19409
19412
19416
19421
19438
19439
19442
19443
19445
19448
19453
19461
19464
19477
19481
19483
19484
19485
19494
19500
19501
19506
19507
19508
19511
19532
19534
19545
19547
19553
19558
19566
19573
19575
19578
19579
19581
19582
19587
19592
19593
19597
19602
19603
19604
19607
19612
19623
19625
19630
19632
19637
19642
19644
19645
19646
19648
19649
19650
19652
19667
19674
19687
19688
19691
19695
19700
19706
19710
19714
19717
19721
19722
19726
19727
19731
19733
19736
19738
19739
19740
19741
19751
19757
19758
19759
19760
19762
19764
19765
19766
19771
19774
19775
19776
19777
19778
19779
19781
19785
19789
19790
19796
19800
19804
19805
19806
19811
19813
19817
19819
19821
19827
19835
19841
19848
19849
19853
19855
19858
19859
19869
19874
19875
19882
19885
19888
19891
19897
19902
19904
19909
19913
19916
19917
19918
19920
19931
19934
19939
19941
19943
19945
19947
19950
19951
19953
19960
19967
19968
19975
19976
19978
19987
19991
19993
19996
20003
20005
20008
20011
20014
20021
20023
20025
20028
20029
20038
20041
20042
20049
20050
20059
20063
20064
20072
20073
20074
20075
20078
20080
20085
20086
20091
20095
20099
20112
20114
20118
20121
20125
20126
20130
20141
20142
20143
20146
20148
20150
20153
20154
20155
20156
20158
20167
20183
20185
20191
20192
20194
20197
20202
20207
20210
20218
20222
20224
20226
20228
20230
20231
20233
20243
20246
20247
20249
20250
20251
20252
20260
20261
20266
20267
20269
20281
20282
20283
20285
20290
20297
20304
20308
20309
20310
20313
20317
20318
20321
20324
20329
20332
20338
20343
20345
20351
20354
20355
20359
20363
20370
20379
20382
20393
20396
20397
20398
20399
20401
20407
20412
20417
20425
20433
20434
20435
20439
20440
20443
20447
20453
20456
20459
20462
20464
20468
20475
20478
20492
20497
20498
20499
20503
20504
20511
20513
20514
20515
20520
20521
20524
20527
20528
20537
20540
20544
20546
20551
20553
20557
20561
20563
20571
20576
20577
20578
20580
20581
20582
20583
20588
20592
20595
20596
20598
20614
20616
20617
20620
20621
20623
20625
20627
20631
20637
20640
20641
20646
20666
20669
20675
20676
20679
20693
20694
20697
20700
20705
20707
20709
20710
20716
20718
20721
20722
20725
20729
20730
20733
20736
20737
20740
20742
20744
20748
20750
20758
20764
20765
20769
20770
20773
20780
20785
20787
20789
20791
20793
20797
20798
20800
20802
20803
20806
20807
20808
20810
20816
20817
20820
20823
20825
20826
20833
20836
20837
20840
20842
20845
20846
20851
20852
20853
20856
20860
20863
20864
20866
20868
20869
20870
20872
20879
20882
20885
20886
20896
20897
20902
20904
20907
20910
20916
20920
20927
20934
20937
20946
20949
20953
20956
20958
20960
20966
20971
20972
20976
20997
20998
20999
21000
21006
21007
21009
21010
21011
21015
21016
21018
21029
21031
21034
21035
21039
21040
21041
21042
21044
21050
21054
21056
21057
21069
21070
21074
21075
21079
21082
21086
21087
21089
21091
21092
21101
21104
21105
21106
21107
21109
21114
21118
21120
21121
21124
21128
21130
21132
21133
21134
21137
21141
21142
21145
21152
21155
21171
21176
21179
21181
21183
21187
21188
21189
21191
21192
21198
21199
21201
21208
21220
21223
21236
21247
21249
21255
21260
21264
21266
21267
21270
21272
21275
21276
21277
21282
21283
21284
21295
21296
21297
21298
21301
21303
21313
21315
21322
21323
21326
21328
21333
21339
21340
21341
21342
21347
21350
21352
21356
21360
21364
21368
21373
21380
21382
21384
21391
21401
21402
21409
21411
21420
21425
21429
21432
21434
21437
21439
21443
21444
21445
21446
21447
21448
21457
21459
21460
21463
21464
21469
21471
21474
21475
21478
21488
21498
21502
21510
21511
21515
21525
21529
21534
21535
21536
21537
21538
21550
21557
21558
21563
21575
21579
21581
21584
21587
21588
21591
21594
21595
21596
21599
21600
21602
21605
21606
21607
21609
21610
21612
21614
21618
21619
21623
21625
21629
21639
21644
21646
21647
21652
21657
21661
21664
21666
21667
21668
21669
21672
21673
21674
21675
21676
21678
21682
21684
21694
21695
21697
21700
21702
21706
21711
21716
21720
21722
21725
21727
21728
21733
21741
21742
21743
21748
21749
21753
21760
21764
21768
21771
21772
21774
21784
21794
21796
21799
21805
21812
21814
21820
21821
21828
21830
21831
21834
21835
21836
21849
21852
21858
21865
21878
21881
21890
21891
21897
21898
21900
21905
21906
21908
21909
21910
21914
21917
21919
21920
21921
21923
21924
21925
21926
21929
21936
21939
21940
21942
21956
21959
21960
21966
21972
21975
21976
21980
21985
21986
21987
21989
21993
21994
21997
21999
22001
22005
22006
22017
22023
22028
22029
22045
22046
22065
22077
22079
22080
22081
22082
22084
22086
22089
22094
22095
22097
22102
22109
22110
22115
22123
22126
22129
22132
22133
22137
22142
22144
22145
22146
22148
22156
22165
22166
22167
22169
22174
22176
22182
22187
22189
22190
22191
22192
22198
22201
22202
22203
22205
22207
22213
22214
22220
22221
22224
22230
22232
22234
22239
22240
22245
22249
22257
22263
22265
22266
22268
22269
22270
22281
22282
22284
22286
22288
22289
22290
22291
22295
22299
22302
22305
22306
22307
22316
22317
22319
22325
22331
22332
22335
22336
22338
22344
22345
22347
22352
22354
22356
22368
22369
22370
22374
22377
22378
22379
22390
22395
22397
22400
22403
22413
22421
22423
22424
22425
22429
22432
22434
22435
22439
22441
22443
22444
22450
22452
22453
22457
22459
22460
22471
22474
22475
22482
22484
22489
22493
22494
22495
22497
22498
22506
22508
22509
22515
22521
22524
22526
22527
22533
22537
22542
22543
22546
22549
22551
22558
22574
22576
22577
22581
22587
22588
22590
22591
22597
22601
22602
22604
22607
22612
22622
22625
22627
22628
22629
22630
22631
22632
22637
22640
22641
22645
22648
22650
22653
22655
22662
22663
22664
22666
22667
22670
22671
22672
22674
22676
22677
22681
22682
22683
22685
22686
22691
22695
22696
22708
22712
22715
22716
22718
22719
22726
22735
22736
22741
22749
22752
22755
22759
22760
22761
22763
22765
22770
22771
22772
22773
22774
22775
22777
22778
22783
22785
22786
22792
22793
22798
22802
22804
22806
22809
22815
22818
22821
22822
22827
22830
22833
22837
22838
22839
22842
22843
22846
22849
22851
22857
22863
22864
22871
22876
22879
22880
22885
22886
22887
22889
22894
22896
22904
22906
22908
22918
22919
22928
22934
22936
22941
22946
22949
22952
22956
22957
22961
22963
22964
22966
22972
22973
22975
22976
22981
22984
22987
22988
22992
22993
23001
23005
23007
23008
23013
23014
23018
23024
23031
23036
23039
23040
23041
23062
23064
23066
23067
23071
23072
23076
23078
23080
23082
23087
23090
23091
23100
23101
23106
23108
23111
23113
23114
23119
23122
23123
23127
23135
23139
23141
23142
23147
23148
23152
23154
23158
23160
23161
23162
23163
23164
23165
23167
23168
23186
23187
23188
23191
23196
23203
23206
23208
23209
23215
23217
23218
23221
23223
23230
23236
23238
23243
23246
23250
23252
23258
23261
23263
23266
23269
23270
23273
23276
23284
23285
23293
23294
23295
23299
23301
23306
23307
23308
23309
23310
23316
23320
23321
23328
23333
23338
23343
23346
23348
23349
23352
23355
23356
23357
23358
23365
23372
23375
23378
23387
23388
23391
23393
23394
23397
23398
23405
23406
23412
23423
23426
23429
23441
23442
23449
23451
23454
23455
23463
23471
23474
23475
23476
23477
23481
23483
23484
23488
23489
23495
23496
23498
23505
23506
23512
23515
23516
23517
23518
23522
23524
23528
23529
23535
23536
23537
23540
23549
23550
23551
23556
23563
23564
23565
23566
23568
23569
23570
23574
23581
23586
23590
23593
23595
23602
23606
23611
23612
23613
23621
23624
23625
23626
23637
23641
23643
23645
23647
23654
23655
23660
23664
23668
23669
23672
23679
23682
23685
23686
23691
23694
23697
23698
23701
23704
23709
23712
23716
23720
23721
23722
23724
23726
23727
23729
23731
23736
23738
23741
23747
23752
23765
23766
23772
23774
23775
23776
23777
23781
23782
23783
23791
23792
23795
23801
23802
23804
23805
23807
23809
23815
23817
23820
23828
23838
23844
23845
23847
23851
23852
23857
23860
23863
23864
23867
23868
23869
23870
23873
23874
23877
23878
23887
23888
23890
23895
23898
23901
23904
23906
23912
23914
23918
23919
23920
23921
23923
23931
23940
23941
23942
23947
23950
23951
23953
23955
23957
23958
23961
23964
23970
23973
23974
23975
23976
23978
23983
23987
23989
23990
23993
23994
24002
24006
24007
24009
24011
24012
24023
24027
24029
24030
24034
24037
24039
24040
24042
24052
24054
24061
24070
24071
24074
24079
24083
24087
24091
24094
24095
24098
24099
24112
24117
24118
24120
24128
24129
24131
24132
24133
24136
24149
24156
24161
24169
24178
24179
24180
24186
24190
24192
24197
24198
24206
24210
24212
24215
24216
24217
24221
24224
24225
24228
24231
24235
24238
24239
24249
24250
24251
24254
24259
24263
24264
24268
24270
24271
24288
24289
24293
24294
24297
24298
24301
24302
24303
24306
24307
24309
24312
24313
24315
24317
24319
24321
24322
24323
24324
24326
24330
24331
24335
24336
24338
24341
24343
24344
24348
24349
24353
24356
24357
24360
24363
24364
24365
24367
24368
24369
24370
24373
24376
24377
24379
24381
24383
24386
24387
24388
24396
24404
24410
24411
24413
24420
24422
24424
24428
24430
24433
24442
24444
24450
24454
24457
24461
24464
24478
24480
24481
24482
24486
24488
24493
24495
24500
24501
24502
24503
24510
24514
24519
24527
24529
24531
24533
24535
24537
24538
24539
24541
24544
24546
24548
24563
24565
24567
24575
24580
24587
24594
24595
24596
24605
24607
24608
24609
24611
24613
24618
24620
24627
24641
24645
24649
24651
24662
24663
24664
24668
24671
24675
24678
24683
24684
24686
24690
24692
24694
24698
24699
24700
24701
24704
24710
24713
24715
24716
24717
24726
24727
24728
24732
24734
24737
24741
24743
24744
24745
24746
24747
24750
24755
24756
24759
24761
24764
24766
24768
24774
24776
24777
24781
24782
24783
24786
24796
24798
24799
24802
24803
24810
24814
24815
24817
24819
24820
24826
24827
24831
24832
24833
24841
24846
24848
24852
24853
24858
24860
24861
24866
24874
24877
24878
24881
24893
24895
24897
24898
24901
24913
24914
24915
24917
24920
24921
24925
24926
24932
24933
24936
24941
24942
24944
24947
24948
24950
24952
24953
24955
24956
24961
24964
24965
24966
24971
24974
24985
24991
24995
24997
24998
24999
25000
25004
25007
25009
25010
25012
25014
25017
25020
25021
25022
25031
25039
25040
25047
25049
25053
25055
25058
25061
25067
25068
25069
25071
25072
25074
25078
25079
25080
25083
25092
25093
25095
25097
25099
25103
25104
25105
25112
25113
25115
25116
25119
25122
25123
25125
25126
25128
25132
25133
25139
25142
25145
25148
25152
25153
25155
25161
25163
25169
25170
25173
25174
25180
25193
25194
25205
25218
25222
25225
25227
25229
25231
25234
25237
25238
25240
25248
25249
25250
25251
25253
25257
25258
25259
25260
25269
25276
25277
25279
25280
25283
25288
25289
25293
25296
25300
25301
25306
25312
25314
25315
25324
25325
25327
25331
25334
25336
25339
25344
25346
25347
25348
25351
25353
25355
25357
25360
25361
25369
25371
25374
25379
25383
25389
25390
25393
25395
25405
25407
25412
25415
25416
25417
25418
25423
25425
25427
25435
25436
25437
25442
25444
25445
25446
25457
25463
25466
25468
25469
25471
25473
25474
25475
25477
25487
25488
25494
25495
25497
25501
25502
25504
25507
25512
25513
25517
25519
25520
25524
25531
25533
25534
25537
25540
25541
25549
25552
25559
25560
25561
25565
25570
25572
25575
25583
25599
25600
25602
25606
25609
25610
25612
25619
25620
25625
25626
25630
25631
25636
25640
25643
25645
25646
25647
25648
25650
25657
25658
25659
25662
25667
25670
25675
25676
25680
25693
25697
25702
25703
25704
25705
25721
25724
25725
25729
25736
25740
25741
25742
25744
25745
25749
25759
25764
25770
25772
25773
25778
25781
25783
25786
25787
25791
25793
25796
25797
25800
25803
25807
25809
25810
25812
25815
25817
25823
25829
25833
25843
25847
25848
25858
25866
25870
25873
25885
25887
25888
25889
25890
25894
25899
25900
25903
25906
25908
25910
25916
25918
25919
25920
25921
25922
25928
25937
25939
25942
25943
25944
25947
25958
25959
25967
25970
25978
25979
25981
25982
25986
25987
25989
25991
25995
26001
26002
26004
26014
26015
26017
26018
26019
26022
26024
26029
26032
26037
26039
26040
26042
26049
26053
26060
26062
26068
26071
26077
26082
26086
26088
26090
26091
26098
26100
26101
26103
26114
26118
26122
26127
26129
26130
26131
26134
26136
26139
26140
26141
26145
26150
26153
26155
26157
26159
26162
26163
26164
26165
26171
26173
26174
26180
26181
26184
26188
26195
26196
26197
26199
26200
26207
26208
26209
26210
26213
26216
26222
26224
26225
26226
26233
26235
26245
26247
26248
26251
26255
26256
26264
26265
26267
26272
26273
26274
26277
26279
26280
26290
26292
26293
26301
26307
26310
26311
26312
26313
26323
26326
26328
26333
26340
26346
26356
26357
26366
26369
26370
26380
26381
26384
26388
26389
26390
26392
26396
26397
26400
26402
26404
26405
26406
26407
26409
26412
26419
26426
26430
26437
26438
26442
26443
26445
26449
26451
26454
26455
26460
26463
26466
26472
26475
26477
26480
26483
26491
26492
26498
26500
26507
26508
26512
26513
26515
26517
26518
26520
26521
26523
26524
26529
26536
26537
26538
26540
26553
26556
26560
26562
26564
26569
26571
26572
26573
26577
26578
26583
26586
26589
26595
26598
26606
26608
26610
26612
26626
26628
26636
26638
26639
26640
26641
26655
26656
26668
26673
26674
26679
26680
26682
26687
26691
26692
26704
26706
26710
26711
26712
26714
26715
26717
26718
26728
26731
26738
26743
26745
26749
26759
26761
26764
26767
26769
26771
26774
26779
26782
26783
26785
26786
26791
26792
26800
26802
26804
26812
26815
26819
26822
26825
26831
26832
26833
26837
26840
26847
26854
26855
26856
26857
26859
26863
26869
26880
26886
26888
26890
26900
26901
26902
26907
26908
26910
26912
26916
26919
26920
26922
26923
26924
26926
26934
26941
26943
26944
26946
26949
26950
26951
26952
26955
26959
26966
26969
26970
26976
26983
26986
26987
26994
26995
26997
27002
27008
27015
27017
27022
27023
27024
27026
27028
27030
27032
27037
27038
27041
27043
27045
27046
27049
27057
27064
27069
27072
27073
27074
27079
27083
27084
27086
27094
27095
27099
27101
27104
27105
27108
27110
27112
27113
27126
27132
27136
27138
27140
27141
27143
27144
27154
27157
27159
27174
27179
27181
27187
27190
27191
27192
27193
27194
27196
27202
27203
27206
27208
27212
27218
27223
27224
27227
27231
27240
27241
27243
27254
27256
27257
27260
27263
27268
27275
27276
27277
27281
27286
27290
27294
27298
27299
27300
27302
27309
27314
27319
27320
27322
27328
27339
27341
27344
27348
27350
27352
27372
27373
27375
27377
27383
27392
27400
27401
27403
27406
27407
27413
27415
27416
27417
27425
27426
27427
27428
27435
27440
27441
27442
27444
27454
27460
27461
27462
27469
27471
27474
27477
27479
27480
27481
27483
27488
27489
27490
27491
27492
27495
27498
27501
27502
27506
27507
27508
27510
27511
27514
27523
27531
27540
27543
27544
27547
27552
27554
27556
27563
27567
27571
27575
27580
27583
27595
27596
27598
27606
27607
27614
27615
27617
27618
27619
27631
27637
27639
27640
27641
27642
27646
27648
27650
27652
27659
27664
27667
27672
27674
27680
27681
27682
27684
27689
27690
27692
27695
27696
27697
27698
27699
27700
27706
27714
27723
27724
27727
27732
27734
27737
27740
27745
27747
27762
27763
27767
27775
27778
27779
27780
27784
27785
27786
27788
27792
27793
27794
27800
27802
27807
27809
27811
27812
27813
27816
27820
27821
27823
27825
27827
27831
27834
27844
27851
27856
27859
27863
27866
27868
27869
27874
27878
27880
27883
27884
27889
27892
27899
27902
27907
27915
27918
27919
27922
27925
27926
27928
27934
27935
27938
27940
27941
27943
27944
27947
27948
27950
27955
27956
27958
27959
27960
27963
27964
27974
27977
27982
27990
27991
27992
27997
28000
28001
28005
28008
28012
28016
28017
28021
28025
28027
28030
28037
28040
28043
28044
28045
28048
28051
28052
28054
28055
28063
28064
28066
28067
28070
28088
28092
28095
28104
28110
28113
28114
28119
28121
28124
28129
28130
28132
28133
28134
28135
28138
28141
28142
28144
28145
28147
28149
28155
28157
28158
28162
28163
28164
28166
28170
28171
28172
28173
28176
28180
28183
28189
28192
28194
28195
28198
28199
28201
28206
28207
28210
28211
28215
28219
28222
28223
28224
28235
28236
28237
28239
28241
28248
28250
28253
28254
28262
28265
28266
28269
28270
28271
28274
28275
28276
28280
28283
28286
28288
28294
28295
28296
28297
28303
28304
28310
28311
28312
28321
28329
28330
28332
28337
28340
28342
28344
28346
28349
28351
28352
28354
28355
28358
28359
28360
28361
28368
28376
28383
28386
28390
28393
28396
28399
28400
28411
28412
28415
28421
28422
28424
28427
28429
28437
28438
28440
28441
28450
28453
28454
28456
28459
28469
28470
28474
28477
28478
28479
28482
28487
28489
28495
28502
28504
28505
28507
28509
28511
28517
28518
28525
28532
28533
28534
28540
28544
28551
28556
28560
28563
28569
28571
28572
28574
28575
28583
28584
28591
28592
28597
28599
28601
28608
28609
28610
28613
28614
28615
28617
28619
28621
28622
28623
28629
28637
28638
28640
28641
28644
28646
28649
28654
28656
28658
28659
28661
28668
28679
28687
28689
28693
28700
28701
28702
28704
28714
28716
28721
28723
28725
28727
28730
28735
28737
28751
28752
28753
28760
28765
28770
28773
28774
28775
28776
28780
28782
28787
28788
28790
28792
28794
28797
28804
28805
28809
28811
28813
28831
28832
28835
28838
28841
28842
28844
28846
28848
28850
28851
28853
28854
28863
28864
28866
28867
28868
28870
28872
28873
28874
28876
28880
28883
28885
28893
28894
28895
28902
28905
28913
28919
28920
28922
28923
28924
28925
28926
28932
28935
28942
28951
28952
28954
28956
28958
28960
28964
28966
28970
28972
28981
28982
28984
28985
28986
28987
28990
28993
28997
28998
29000
29005
29006
29009
29011
29013
29014
29024
29026
29038
29045
29047
29049
29050
29051
29058
29062
29064
29066
29070
29076
29077
29082
29087
29088
29092
29094
29095
29097
29100
29104
29117
29120
29121
29122
29127
29133
29134
29135
29140
29142
29143
29146
29149
29150
29151
29155
29161
29164
29170
29175
29176
29177
29180
29181
29185
29187
29192
29195
29196
29197
29203
29205
29208
29211
29214
29218
29219
29221
29228
29230
29231
29233
29234
29235
29237
29238
29239
29240
29242
29244
29246
29249
29250
29252
29254
29258
29267
29268
29272
29275
29276
29278
29279
29281
29282
29283
29284
29285
29287
29291
29293
29306
29309
29313
29314
29318
29321
29323
29325
29326
29327
29329
29332
29334
29335
29338
29341
29342
29344
29346
29348
29349
29351
29356
29357
29360
29362
29364
29366
29369
29373
29378
29379
29380
29388
29397
29399
29400
29403
29404
29409
29411
29413
29415
29419
29425
29427
29429
29430
29431
29432
29434
29435
29439
29441
29443
29450
29455
29458
29463
29464
29470
29478
29490
29491
29497
29498
29503
29504
29517
29519
29520
29521
29523
29527
29529
29534
29537
29538
29542
29545
29548
29550
29552
29554
29557
29560
29572
29573
29581
29583
29590
29604
29606
29608
29610
29616
29617
29618
29621
29623
29625
29627
29629
29630
29635
29636
29639
29646
29647
29650
29654
29656
29658
29661
29664
29665
29669
29671
29672
29673
29680
29682
29683
29684
29687
29688
29691
29696
29701
29705
29706
29707
29708
29710
29711
29714
29720
29721
29722
29723
29725
29729
29731
29732
29739
29743
29744
29746
29755
29756
29757
29758
29766
29769
29770
29771
29773
29776
29778
29780
29781
29782
29788
29792
29794
29795
29797
29800
29801
29804
29805
29807
29809
29811
29815
29816
29817
29818
29821
29822
29823
29825
29831
29834
29836
29838
29844
29845
29848
29851
29855
29860
29861
29873
29875
29877
29880
29894
29900
29903
29907
29909
29911
29913
29918
29922
29925
29931
29938
29941
29947
29950
29952
29957
29959
29963
29964
29969
29975
29976
29982
29983
29989
29992
29997
30000
30008
30011
30014
30016
30019
30021
30028
30031
30036
30041
30045
30047
30054
30055
30056
30063
30066
30068
30074
30078
30079
30081
30083
30088
30092
30093
30096
30099
30101
30102
30104
30108
30109
30112
30115
30116
30117
30118
30125
30126
30128
30131
30138
30144
30152
30153
30164
30168
30169
30170
30177
30179
30183
30185
30187
30190
30191
30192
30195
30198
30202
30210
30211
30213
30216
30223
30224
30227
30233
30234
30236
30238
30239
30241
30251
30253
30255
30259
30270
30272
30275
30277
30278
30284
30285
30286
30290
30298
30301
30307
30311
30317
30322
30323
30328
30333
30334
30342
30344
30351
30354
30356
30357
30358
30361
30362
30364
30365
30369
30374
30375
30376
30379
30382
30383
30384
30386
30388
30396
30402
30405
30407
30409
30413
30415
30420
30422
30423
30425
30430
30433
30434
30446
30447
30448
30449
30450
30456
30459
30464
30467
30469
30471
30477
30478
30479
30481
30482
30484
30487
30491
30492
30495
30496
30506
30508
30511
30522
30524
30525
30526
30529
30534
30541
30552
30557
30559
30561
30569
30575
30577
30584
30588
30593
30598
30599
30601
30604
30606
30609
30611
30612
30613
30616
30618
30619
30625
30629
30633
30634
30635
30639
30647
30649
30654
30660
30661
30664
30671
30672
30678
30679
30683
30684
30689
30690
30691
30695
30697
30708
30713
30714
30716
30717
30718
30724
30725
30726
30731
30732
30741
30747
30750
30758
30759
30762
30764
30765
30768
30769
30771
30775
30776
30777
30780
30782
30784
30789
30791
30792
30795
30798
30801
30802
30806
30809
30810
30816
30818
30820
30824
30826
30827
30828
30829
30834
30835
30838
30840
30844
30845
30846
30851
30852
30853
30859
30866
30868
30877
30879
30884
30886
30887
30896
30898
30904
30907
30910
30915
30919
30923
30929
30937
30938
30944
30948
30951
30952
30953
30954
30955
30957
30959
30965
30966
30968
30969
30978
30983
30984
30985
30990
30992
30993
30997
31001
31007
31013
31014
31017
31020
31025
31029
31030
31031
31038
31045
31046
31058
31059
31070
31074
31079
31082
31083
31086
31094
31098
31099
31103
31105
31106
31107
31112
31113
31115
31122
31125
31127
31129
31133
31134
31135
31137
31138
31139
31142
31143
31148
31157
31165
31166
31170
31176
31181
31183
31184
31186
31188
31193
31199
31201
31210
31216
31223
31225
31230
31236
31239
31240
31242
31244
31247
31249
31250
31251
31256
31257
31260
31263
31268
31269
31274
31281
31285
31288
31289
31291
31292
31294
31295
31299
31312
31314
31316
31321
31323
31326
31327
31329
31330
31331
31333
31334
31340
31341
31349
31350
31357
31358
31361
31364
31365
31371
31373
31374
31375
31376
31377
31378
31379
31392
31393
31395
31397
31399
31400
31406
31408
31411
31414
31420
31424
31425
31430
31432
31434
31436
31444
31446
31448
31450
31453
31456
31457
31458
31460
31462
31463
31464
31465
31467
31472
31482
31500
31501
31506
31507
31510
31512
31513
31516
31518
31524
31525
31527
31530
31538
31539
31546
31548
31549
31550
31552
31556
31563
31570
31572
31580
31583
31584
31588
31590
31591
31593
31594
31595
31598
31605
31609
31613
31614
31616
31617
31619
31620
31625
31629
31633
31646
31648
31653
31656
31657
31660
31664
31669
31670
31671
31682
31687
31690
31692
31705
31712
31713
31716
31719
31725
31729
31735
31737
31738
31745
31747
31754
31760
31763
31767
31769
31774
31781
31785
31786
31787
31790
31791
31793
31795
31796
31800
31805
31813
31814
31815
31819
31820
31821
31822
31823
31824
31825
31828
31831
31832
31833
31837
31842
31843
31846
31847
31849
31855
31857
31863
31864
31865
31866
31872
31873
31876
31885
31889
31893
31896
31898
31899
31902
31904
31909
31911
31913
31915
31917
31920
31921
31928
31929
31932
31940
31944
31948
31953
31968
31969
31973
31976
31977
31979
31981
31982
31985
31988
31990
31991
31996
32002
32007
32010
32011
32016
32023
32024
32026
32027
32028
32035
32039
32040
32042
32049
32051
32058
32063
32083
32084
32090
32094
32095
32097
32104
32112
32113
32117
32125
32127
32128
32131
32133
32151
32152
32153
32155
32165
32170
32171
32172
32181
32185
32186
32190
32195
32200
32206
32210
32214
32216
32218
32221
32223
32224
32226
32231
32232
32234
32238
32243
32256
32262
32264
32266
32272
32273
32277
32278
32281
32288
32292
32298
32300
32306
32312
32313
32324
32326
32327
32330
32331
32332
32340
32343
32346
32348
32351
32359
32364
32365
32366
32368
32369
32370
32377
32380
32381
32387
32389
32391
32397
32401
32402
32403
32409
32410
32411
32417
32419
32420
32421
32423
32426
32429
32431
32433
32441
32442
32448
32454
32457
32458
32460
32463
32467
32475
32477
32480
32481
32483
32485
32494
32495
32499
32501
32504
32505
32511
32512
32518
32523
32530
32531
32537
32540
32541
32550
32554
32556
32558
32559
32560
32561
32574
32575
32577
32581
32594
32595
32596
32599
32602
32604
32608
32611
32612
32614
32617
32624
32628
32630
32632
32633
32636
32639
32653
32655
32662
32664
32666
32667
32671
32677
32681
32690
32691
32696
32698
32700
32708
32710
32711
32713
32715
32718
32724
32726
32732
32735
32737
32739
32740
32741
32742
32748
32749
32752
32755
32759
32761
32764
32765
32768
Time taken for sorting: 0.105000 seconds